10 0.138671875 0.54150390625 0.01953125 0.0361328125
5 0.71875 0.5068359375 0.041015625 0.03515625
5 0.04736328125 0.84033203125 0.0654296875 0.0791015625
6 0.26806640625 0.494140625 0.0322265625 0.029296875
6 0.99853515625 0.60693359375 0.0595703125 0.0400390625
10 0.65234375 0.54345703125 0.04296875 0.0380859375
7 0.8583984375 0.546875 0.044921875 0.04296875
0 0.0400390625 0.46337890625 0.015625 0.0244140625
8 0.53955078125 0.5078125 0.0283203125 0.029296875
7 0.97607421875 0.572265625 0.0537109375 0.046875
1 0.1796875 0.52783203125 0.017578125 0.0302734375
5 0.14794921875 0.4677734375 0.0283203125 0.029296875
0 0.68212890625 0.44384765625 0.0166015625 0.0244140625
5 0.4287109375 0.69775390625 0.0546875 0.0595703125
