4 0.36328125 0.52734375 0.017578125 0.02734375
3 0.16015625 0.57763671875 0.029296875 0.0380859375
8 0.6181640625 0.59521484375 0.0234375 0.0361328125
1 0.4443359375 0.724609375 0.03125 0.056640625
1 0.95947265625 0.5302734375 0.0263671875 0.02734375
1 0.1923828125 0.53857421875 0.0234375 0.0283203125
8 0.51513671875 0.51513671875 0.0126953125 0.0244140625
1 0.19580078125 0.5498046875 0.0244140625 0.029296875
4 0.57421875 0.50537109375 0.013671875 0.0244140625
3 0.18994140625 0.6162109375 0.0322265625 0.044921875
9 0.5205078125 0.57373046875 0.017578125 0.0439453125
9 0.94580078125 0.494140625 0.0302734375 0.02734375
0 0.2734375 0.5048828125 0.015625 0.0234375
7 0.59130859375 0.4873046875 0.0126953125 0.0234375
2 0.64306640625 0.517578125 0.0166015625 0.01953125
