0 0.52587890625 0.51611328125 0.0146484375 0.0205078125
7 0.48876953125 0.51953125 0.0224609375 0.0234375
0 0.248046875 0.5546875 0.01953125 0.033203125
7 0.68310546875 0.5986328125 0.0595703125 0.0546875
6 0.103515625 0.55078125 0.03515625 0.03125
5 0.689453125 0.5146484375 0.03125 0.021484375
7 0.9619140625 0.6005859375 0.078125 0.056640625
8 0.64599609375 0.51220703125 0.0244140625 0.0205078125
9 0.2236328125 0.53369140625 0.01953125 0.0283203125
2 0.46044921875 0.52490234375 0.0185546875 0.0166015625
3 0.08837890625 0.5322265625 0.0146484375 0.025390625
4 0.41259765625 0.52734375 0.0185546875 0.025390625
3 0.76123046875 0.5302734375 0.0283203125 0.02734375
7 0.30126953125 0.568359375 0.0302734375 0.041015625
