6 0.2470703125 0.58544921875 0.17578125 0.1318359375
4 0.927734375 0.595703125 0.208984375 0.173828125
1 0.8046875 0.5234375 0.05078125 0.041015625
4 0.40576171875 0.5302734375 0.0380859375 0.037109375
9 0.57666015625 0.533203125 0.0888671875 0.05078125
6 0.328125 0.52783203125 0.044921875 0.0302734375
10 0.759765625 0.5224609375 0.05859375 0.01953125
9 0.384765625 0.53173828125 0.060546875 0.0400390625
8 0.1279296875 0.53857421875 0.04296875 0.0419921875
7 0.4873046875 0.52294921875 0.0390625 0.0283203125
7 0.39111328125 0.52880859375 0.0439453125 0.0341796875
3 0.2021484375 0.5390625 0.04296875 0.046875
10 0.96044921875 0.52099609375 0.0751953125 0.0224609375
