6 1.0068359375 0.52783203125 0.029296875 0.0302734375
1 0.0654296875 0.533203125 0.046875 0.01953125
4 0.45947265625 0.52001953125 0.0244140625 0.0263671875
4 0.7763671875 0.59423828125 0.041015625 0.0615234375
2 0.3798828125 0.5283203125 0.03515625 0.01953125
6 0.38134765625 0.56689453125 0.0654296875 0.0576171875
1 0.34814453125 0.51953125 0.0322265625 0.013671875
9 0.8603515625 0.52490234375 0.0234375 0.0791015625
9 0.25048828125 0.56298828125 0.0986328125 0.0517578125
3 0.47412109375 0.53173828125 0.0302734375 0.0322265625
