6 0.58349609375 0.52392578125 0.0361328125 0.0244140625
10 0.7568359375 0.529296875 0.048828125 0.01953125
6 0.36962890625 0.52294921875 0.0302734375 0.0224609375
2 0.38330078125 0.5322265625 0.0224609375 0.017578125
3 0.11669921875 0.55859375 0.0283203125 0.04296875
9 0.52099609375 0.53271484375 0.0419921875 0.0302734375
4 0.66796875 0.52490234375 0.02734375 0.0263671875
5 0.62646484375 0.53759765625 0.0498046875 0.0341796875
7 0.6943359375 0.55419921875 0.060546875 0.0458984375
4 0.81982421875 0.56494140625 0.0576171875 0.0517578125
2 0.70556640625 0.5361328125 0.0322265625 0.021484375
3 0.58447265625 0.517578125 0.0205078125 0.021484375
7 0.29736328125 0.55419921875 0.0380859375 0.0419921875
8 0.474609375 0.5224609375 0.025390625 0.0234375
