6 0.2060546875 0.5654296875 0.041015625 0.03125
4 0.6796875 0.466796875 0.013671875 0.0234375
10 0.599609375 0.47705078125 0.01171875 0.0244140625
10 0.07470703125 0.7744140625 0.0673828125 0.072265625
3 0.5673828125 0.52001953125 0.013671875 0.0302734375
1 0.39599609375 0.47314453125 0.0146484375 0.0224609375
1 0.4375 0.505859375 0.015625 0.025390625
4 0.58544921875 0.52392578125 0.0146484375 0.0283203125
7 0.44482421875 0.45654296875 0.0146484375 0.0263671875
4 0.60791015625 0.67724609375 0.0205078125 0.0439453125
8 0.1904296875 0.826171875 0.0546875 0.056640625
3 0.10302734375 0.54296875 0.0283203125 0.033203125
10 0.9287109375 0.54052734375 0.03125 0.0322265625
1 0.46044921875 0.46484375 0.0126953125 0.021484375
