10 0.50439453125 0.5078125 0.0361328125 0.029296875
6 0.28076171875 0.61767578125 0.0458984375 0.0458984375
8 0.51416015625 0.529296875 0.0458984375 0.029296875
10 0.17529296875 0.49658203125 0.0205078125 0.0556640625
2 0.07666015625 0.84375 0.0419921875 0.0546875
9 0.41455078125 0.580078125 0.0419921875 0.048828125
10 0.93017578125 0.5234375 0.0537109375 0.02734375
0 0.72314453125 0.45556640625 0.0166015625 0.0224609375
5 0.5498046875 0.66845703125 0.05078125 0.0576171875
2 0.57080078125 0.4140625 0.0205078125 0.013671875
