6 0.4443359375 0.619140625 0.05078125 0.046875
8 0.99169921875 0.49267578125 0.0400390625 0.0283203125
3 0.5048828125 0.544921875 0.0234375 0.0390625
8 0.6923828125 0.4931640625 0.029296875 0.02734375
0 0.04345703125 0.6171875 0.0302734375 0.044921875
6 0.55029296875 0.6826171875 0.0634765625 0.056640625
0 0.19287109375 0.62890625 0.0263671875 0.046875
2 0.15966796875 0.5927734375 0.0263671875 0.03515625
0 0.28173828125 0.48046875 0.0146484375 0.025390625
1 0.31396484375 0.54150390625 0.0185546875 0.0341796875
9 0.58740234375 0.46875 0.0263671875 0.03125
10 0.64208984375 0.474609375 0.0283203125 0.0234375
1 0.49853515625 0.51220703125 0.0205078125 0.0302734375
0 0.22509765625 0.57373046875 0.0224609375 0.0380859375
