9 0.275390625 0.533203125 0.0390625 0.052734375
7 0.69287109375 0.67578125 0.0302734375 0.0703125
2 0.44140625 0.45263671875 0.017578125 0.0224609375
0 0.388671875 0.431640625 0.015625 0.025390625
0 0.23095703125 0.6396484375 0.0302734375 0.044921875
1 0.32763671875 0.75927734375 0.0419921875 0.0576171875
9 0.44091796875 0.6005859375 0.0322265625 0.06640625
9 0.85205078125 0.51123046875 0.0322265625 0.0478515625
5 0.17626953125 0.47802734375 0.0419921875 0.0341796875
10 0.5283203125 0.44921875 0.017578125 0.029296875
2 0.9814453125 0.62744140625 0.037109375 0.0400390625
7 0.3486328125 0.49755859375 0.02734375 0.0419921875
9 0.505859375 0.46337890625 0.01953125 0.0400390625
7 0.54833984375 0.5302734375 0.0205078125 0.046875
