0 0.572265625 0.400390625 0.017578125 0.025390625
1 0.22216796875 0.48291015625 0.0224609375 0.0322265625
5 0.76806640625 0.47119140625 0.0458984375 0.0380859375
5 0.04052734375 0.45849609375 0.0361328125 0.0361328125
10 0.56884765625 0.44921875 0.0400390625 0.033203125
8 0.27880859375 0.41455078125 0.0224609375 0.0263671875
3 0.97119140625 0.529296875 0.0439453125 0.04296875
1 0.3857421875 0.8154296875 0.046875 0.0625
3 0.88232421875 0.69287109375 0.0576171875 0.0634765625
7 0.388671875 0.77734375 0.0546875 0.087890625
6 0.017578125 0.5146484375 0.041015625 0.037109375
8 0.54345703125 0.60546875 0.0458984375 0.04296875
3 0.51806640625 0.6025390625 0.0361328125 0.05078125
0 0.73828125 0.7734375 0.041015625 0.05859375
