6 0.54736328125 0.64892578125 0.0498046875 0.0478515625
4 0.841796875 0.65283203125 0.0390625 0.0517578125
7 0.8740234375 0.55029296875 0.03515625 0.0380859375
5 0.15234375 0.49169921875 0.03125 0.0244140625
1 0.80029296875 0.57421875 0.0283203125 0.03515625
3 0.201171875 0.51513671875 0.021484375 0.0283203125
5 0.439453125 0.533203125 0.03125 0.03125
1 0.986328125 0.6923828125 0.052734375 0.0546875
1 0.64404296875 0.544921875 0.0205078125 0.03125
1 0.11279296875 0.55419921875 0.0283203125 0.0322265625
9 0.68017578125 0.4921875 0.0205078125 0.02734375
0 0.5244140625 0.51220703125 0.013671875 0.0263671875
2 0.8076171875 0.50146484375 0.01953125 0.0185546875
6 0.10986328125 0.51025390625 0.0361328125 0.0263671875
7 0.27978515625 0.5107421875 0.0205078125 0.029296875
