0 0.4482421875 0.52587890625 0.013671875 0.0263671875
6 0.48828125 0.53857421875 0.033203125 0.0302734375
8 0.42578125 0.52490234375 0.013671875 0.0263671875
6 0.6650390625 0.51416015625 0.03125 0.0244140625
2 0.40625 0.57080078125 0.01953125 0.0283203125
3 0.56982421875 0.5361328125 0.0185546875 0.03125
0 0.78857421875 0.51953125 0.0185546875 0.025390625
3 0.50732421875 0.57421875 0.0224609375 0.041015625
1 0.6357421875 0.5009765625 0.015625 0.021484375
3 0.5244140625 0.53955078125 0.017578125 0.0322265625
1 0.55517578125 0.5126953125 0.0146484375 0.0234375
2 0.47412109375 0.5595703125 0.0185546875 0.025390625
7 0.38525390625 0.55224609375 0.0185546875 0.0380859375
10 0.01611328125 0.6064453125 0.0576171875 0.04296875
0 0.26025390625 0.57275390625 0.0224609375 0.0380859375
