7 0.99951171875 0.55615234375 0.0595703125 0.0458984375
6 0.58984375 0.4423828125 0.03125 0.0234375
3 0.02490234375 0.50927734375 0.0185546875 0.0322265625
1 0.37890625 0.513671875 0.0234375 0.03125
4 0.5947265625 0.47021484375 0.0234375 0.0263671875
9 0.05615234375 0.56884765625 0.0224609375 0.0517578125
4 0.08203125 0.66748046875 0.029296875 0.0537109375
4 0.318359375 0.50634765625 0.021484375 0.0322265625
3 0.06982421875 0.5400390625 0.0205078125 0.037109375
9 0.25634765625 0.66650390625 0.0419921875 0.0751953125
7 0.35546875 0.57470703125 0.033203125 0.0478515625
5 0.99462890625 0.54736328125 0.0576171875 0.0419921875
7 0.9912109375 0.61376953125 0.0703125 0.0576171875
1 0.70556640625 0.48974609375 0.0283203125 0.0283203125
