1 0.97900390625 0.7138671875 0.0869140625 0.078125
6 0.34765625 0.3916015625 0.044921875 0.03515625
1 0.7021484375 0.39892578125 0.0390625 0.0341796875
7 0.208984375 0.3759765625 0.046875 0.03125
0 0.2236328125 0.92333984375 0.076171875 0.1064453125
10 0.97998046875 0.591796875 0.1318359375 0.056640625
7 0.25732421875 0.48486328125 0.0693359375 0.0478515625
2 1.0234375 0.55517578125 0.0625 0.0439453125
6 0.31640625 0.37548828125 0.04296875 0.0322265625
10 0.2587890625 0.419921875 0.068359375 0.02734375
8 0.49267578125 0.70361328125 0.1123046875 0.0751953125
