7 0.125 0.44091796875 0.01953125 0.0341796875
3 0.18408203125 0.75439453125 0.0419921875 0.0791015625
4 0.04248046875 0.5302734375 0.0224609375 0.041015625
9 0.24951171875 0.8173828125 0.0595703125 0.126953125
5 0.236328125 0.4443359375 0.03515625 0.033203125
10 0.27197265625 0.50732421875 0.0302734375 0.0400390625
0 0.4169921875 0.78125 0.041015625 0.068359375
4 0.19921875 0.5283203125 0.025390625 0.041015625
4 0.529296875 0.8095703125 0.056640625 0.08203125
4 0.7255859375 0.46533203125 0.03125 0.0341796875
2 0.6767578125 0.400390625 0.0234375 0.01953125
5 0.5126953125 0.6123046875 0.0625 0.060546875
