3 0.169921875 0.53369140625 0.02734375 0.0244140625
4 0.9453125 0.5400390625 0.01953125 0.025390625
7 0.29931640625 0.53515625 0.0673828125 0.05859375
0 0.2861328125 0.53466796875 0.037109375 0.0517578125
4 0.42578125 0.53564453125 0.01953125 0.0224609375
9 0.18798828125 0.5341796875 0.0458984375 0.029296875
5 0.3544921875 0.53515625 0.044921875 0.03125
4 0.373046875 0.53564453125 0.01953125 0.0224609375
3 0.27392578125 0.53466796875 0.0224609375 0.0224609375
5 0.72021484375 0.53857421875 0.0478515625 0.0419921875
7 0.47119140625 0.5361328125 0.0302734375 0.03125
6 0.85791015625 0.53955078125 0.0341796875 0.0283203125
0 0.75341796875 0.53857421875 0.0146484375 0.0263671875
10 0.46337890625 0.544921875 0.0556640625 0.03515625
