1 0.67578125 0.41357421875 0.0234375 0.0244140625
2 0.1669921875 0.78515625 0.03515625 0.056640625
1 0.3818359375 0.78857421875 0.041015625 0.0556640625
10 0.564453125 0.47021484375 0.037109375 0.0322265625
9 0.6005859375 0.45166015625 0.037109375 0.0380859375
1 0.9892578125 0.56982421875 0.044921875 0.0380859375
9 0.650390625 0.6396484375 0.060546875 0.0703125
9 0.45556640625 0.54296875 0.0400390625 0.052734375
0 0.40185546875 0.55712890625 0.0224609375 0.0361328125
6 0.17431640625 0.49365234375 0.0361328125 0.0322265625
7 0.01953125 0.43798828125 0.015625 0.0322265625
0 0.8466796875 0.54345703125 0.02734375 0.0361328125
7 0.8359375 0.619140625 0.05859375 0.05859375
8 0.92236328125 0.54931640625 0.0537109375 0.0361328125
