1 0.2705078125 0.56396484375 0.0234375 0.0361328125
7 0.5771484375 0.5107421875 0.0234375 0.021484375
1 0.1044921875 0.57763671875 0.0234375 0.0400390625
6 0.57177734375 0.5048828125 0.0263671875 0.01953125
5 0.71142578125 0.55859375 0.0517578125 0.0390625
9 0.5166015625 0.50634765625 0.0234375 0.0205078125
0 0.7734375 0.5625 0.02734375 0.037109375
0 0.44189453125 0.5283203125 0.0166015625 0.025390625
1 0.66796875 0.533203125 0.02734375 0.02734375
9 0.33837890625 0.56396484375 0.0322265625 0.0419921875
7 0.798828125 0.5712890625 0.0546875 0.044921875
5 0.7626953125 0.52197265625 0.037109375 0.0263671875
8 0.2998046875 0.54931640625 0.0234375 0.0322265625
0 0.2060546875 0.54443359375 0.017578125 0.0302734375
0 0.3544921875 0.533203125 0.017578125 0.02734375
