7 0.201171875 0.52734375 0.041015625 0.029296875
8 0.91845703125 0.53369140625 0.0185546875 0.0263671875
2 0.423828125 0.544921875 0.041015625 0.03125
0 0.37841796875 0.52880859375 0.0205078125 0.0283203125
6 0.7216796875 0.53125 0.03125 0.025390625
2 0.8955078125 0.53857421875 0.017578125 0.0185546875
5 0.25341796875 0.52685546875 0.0400390625 0.0263671875
7 0.02685546875 0.544921875 0.1162109375 0.076171875
9 0.0654296875 0.52978515625 0.072265625 0.0380859375
1 0.86083984375 0.56396484375 0.0556640625 0.0986328125
8 0.71826171875 0.5625 0.0654296875 0.099609375
