5 0.2001953125 0.52099609375 0.025390625 0.0244140625
6 0.18310546875 0.62548828125 0.0478515625 0.0458984375
4 0.31103515625 0.6591796875 0.0322265625 0.0546875
1 0.69091796875 0.54345703125 0.0263671875 0.0283203125
4 0.4609375 0.5283203125 0.01953125 0.025390625
0 0.83837890625 0.5498046875 0.0224609375 0.029296875
9 0.5009765625 0.5537109375 0.033203125 0.037109375
6 0.4482421875 0.51123046875 0.02734375 0.0224609375
10 0.76513671875 0.51611328125 0.0341796875 0.0185546875
9 0.4384765625 0.53173828125 0.025390625 0.0302734375
8 0.2890625 0.533203125 0.017578125 0.025390625
7 0.5673828125 0.50732421875 0.021484375 0.0224609375
7 0.4697265625 0.52001953125 0.021484375 0.0263671875
3 0.3134765625 0.541015625 0.017578125 0.029296875
10 0.88134765625 0.53125 0.0439453125 0.021484375
