4 0.404296875 0.515625 0.048828125 0.041015625
8 0.20556640625 0.5439453125 0.1494140625 0.08984375
1 0.18896484375 0.50732421875 0.0478515625 0.0380859375
8 0.68896484375 0.5244140625 0.0615234375 0.044921875
1 0.13037109375 0.5078125 0.0517578125 0.041015625
4 0.84130859375 0.52880859375 0.0458984375 0.0458984375
9 0.2451171875 0.53076171875 0.146484375 0.0693359375
0 0.439453125 0.51025390625 0.025390625 0.0322265625
7 0.990234375 0.52880859375 0.046875 0.0400390625
2 0.91796875 0.544921875 0.052734375 0.037109375
