4 0.5595703125 0.5927734375 0.046875 0.052734375
9 0.365234375 0.69287109375 0.083984375 0.1025390625
9 0.25732421875 0.5341796875 0.0361328125 0.041015625
0 0.36181640625 0.55322265625 0.0263671875 0.0400390625
2 0.06884765625 0.625 0.0341796875 0.04296875
6 0.95947265625 0.52978515625 0.0576171875 0.0380859375
9 0.65869140625 0.5078125 0.0498046875 0.03515625
7 0.375 0.5703125 0.044921875 0.05078125
9 0.6845703125 0.568359375 0.072265625 0.0546875
0 0.43408203125 0.51123046875 0.0205078125 0.0302734375
0 0.6318359375 0.53173828125 0.025390625 0.0361328125
9 0.69970703125 0.46875 0.0361328125 0.0234375
8 0.1376953125 0.4951171875 0.01953125 0.025390625
7 0.193359375 0.51416015625 0.025390625 0.0341796875
