8 0.78076171875 0.556640625 0.0224609375 0.0390625
10 0.38916015625 0.50341796875 0.0283203125 0.0185546875
2 0.7802734375 0.53515625 0.017578125 0.0234375
1 0.2421875 0.5078125 0.025390625 0.025390625
4 0.64501953125 0.50048828125 0.0146484375 0.0224609375
8 0.99951171875 0.5859375 0.0419921875 0.046875
0 0.22314453125 0.53466796875 0.0244140625 0.0341796875
9 0.02392578125 0.55029296875 0.0712890625 0.0458984375
7 0.83642578125 0.685546875 0.0498046875 0.09765625
0 0.255859375 0.4921875 0.015625 0.021484375
10 0.9912109375 0.53125 0.029296875 0.025390625
10 0.51123046875 0.5234375 0.0283203125 0.0234375
5 0.1357421875 0.60107421875 0.080078125 0.0595703125
