3 0.7724609375 0.587890625 0.033203125 0.044921875
9 0.59765625 0.4814453125 0.025390625 0.0390625
5 0.27001953125 0.49462890625 0.0322265625 0.0322265625
9 0.42919921875 0.43603515625 0.0146484375 0.0302734375
5 0.8828125 0.6669921875 0.06640625 0.056640625
5 0.1064453125 0.52734375 0.041015625 0.037109375
5 0.49365234375 0.861328125 0.0712890625 0.087890625
4 0.65087890625 0.4755859375 0.0205078125 0.029296875
2 0.3486328125 0.44091796875 0.01171875 0.0185546875
7 0.50537109375 0.56494140625 0.0244140625 0.0478515625
5 0.166015625 0.52197265625 0.0390625 0.0361328125
10 0.66748046875 0.4599609375 0.0263671875 0.02734375
