10 0.50244140625 0.8740234375 0.1416015625 0.146484375
7 0.3876953125 0.4345703125 0.037109375 0.03125
7 0.345703125 0.4326171875 0.0390625 0.03125
10 0.494140625 0.6875 0.099609375 0.083984375
5 0.38037109375 0.517578125 0.0595703125 0.048828125
2 0.15966796875 0.55126953125 0.0537109375 0.0380859375
7 0.6357421875 0.57373046875 0.056640625 0.0634765625
4 0.33642578125 0.68798828125 0.0712890625 0.0791015625
3 0.59033203125 0.4951171875 0.0341796875 0.041015625
10 0.70849609375 0.63671875 0.0712890625 0.068359375
8 0.1962890625 0.44775390625 0.046875 0.0302734375
10 0.4443359375 0.45751953125 0.048828125 0.0283203125
5 0.576171875 0.6904296875 0.095703125 0.091796875
3 0.94287109375 0.6201171875 0.0439453125 0.06640625
