3 0.77880859375 0.47509765625 0.0244140625 0.0263671875
8 0.8876953125 0.6162109375 0.0625 0.046875
6 0.169921875 0.55029296875 0.0390625 0.0361328125
10 0.4072265625 0.478515625 0.021484375 0.021484375
9 0.83642578125 0.751953125 0.1064453125 0.109375
8 0.78271484375 0.615234375 0.0556640625 0.046875
10 0.64501953125 0.50927734375 0.0361328125 0.0283203125
2 0.5029296875 0.4765625 0.017578125 0.017578125
7 0.1767578125 0.57958984375 0.0234375 0.0498046875
6 0.517578125 0.4892578125 0.033203125 0.02734375
1 0.703125 0.4951171875 0.025390625 0.02734375
6 0.27685546875 0.49755859375 0.0302734375 0.0283203125
6 0.15283203125 0.5302734375 0.0361328125 0.033203125
0 0.98095703125 0.7392578125 0.0517578125 0.068359375
