4 0.3583984375 0.529296875 0.021484375 0.029296875
4 0.2958984375 0.50537109375 0.017578125 0.0224609375
2 0.60791015625 0.53173828125 0.0146484375 0.0205078125
2 0.96875 0.56884765625 0.02734375 0.0419921875
2 0.08935546875 0.5498046875 0.0322265625 0.0234375
4 0.4765625 0.63037109375 0.03125 0.0615234375
4 0.2431640625 0.51904296875 0.02734375 0.0146484375
9 0.5654296875 0.52685546875 0.05859375 0.0283203125
4 0.693359375 0.578125 0.0390625 0.025390625
10 0.85107421875 0.5234375 0.0283203125 0.017578125
