9 0.3115234375 0.5517578125 0.017578125 0.046875
7 0.7236328125 0.62109375 0.037109375 0.05078125
2 0.3935546875 0.47265625 0.013671875 0.01953125
0 0.33447265625 0.4580078125 0.0126953125 0.0234375
0 0.3515625 0.63720703125 0.01953125 0.0380859375
1 0.5009765625 0.71044921875 0.02734375 0.0439453125
9 0.49609375 0.58984375 0.02734375 0.052734375
9 0.7568359375 0.49169921875 0.033203125 0.0380859375
5 0.1767578125 0.51416015625 0.033203125 0.0322265625
10 0.46630859375 0.4638671875 0.0185546875 0.025390625
2 0.8935546875 0.56591796875 0.03125 0.0283203125
7 0.34912109375 0.51708984375 0.0166015625 0.0361328125
9 0.45947265625 0.4775390625 0.0185546875 0.03515625
7 0.53759765625 0.52783203125 0.0224609375 0.0380859375
