3 0.24755859375 0.474609375 0.0224609375 0.029296875
3 0.4912109375 0.5458984375 0.037109375 0.04296875
0 0.7451171875 0.4443359375 0.017578125 0.0234375
0 0.3759765625 0.48486328125 0.01953125 0.0283203125
5 0.673828125 0.81591796875 0.1171875 0.1162109375
10 0.63134765625 0.51904296875 0.0556640625 0.0322265625
9 0.822265625 0.48583984375 0.05859375 0.0361328125
4 0.7431640625 0.5341796875 0.041015625 0.0390625
4 0.0830078125 0.53271484375 0.025390625 0.0380859375
8 1.01318359375 0.63037109375 0.0908203125 0.0556640625
5 0.146484375 0.51611328125 0.04296875 0.0380859375
2 0.34228515625 0.677734375 0.0498046875 0.052734375
0 0.16015625 0.6259765625 0.033203125 0.052734375
