0 0.42431640625 0.51513671875 0.0185546875 0.0302734375
6 0.49267578125 0.541015625 0.0419921875 0.03515625
8 0.39453125 0.51416015625 0.025390625 0.0302734375
6 0.6162109375 0.4765625 0.03515625 0.02734375
2 0.46875 0.6103515625 0.03125 0.03515625
3 0.572265625 0.52880859375 0.02734375 0.0361328125
0 0.7451171875 0.48095703125 0.01953125 0.0263671875
3 0.59228515625 0.61572265625 0.0361328125 0.0498046875
1 0.56103515625 0.45166015625 0.0185546875 0.0224609375
3 0.533203125 0.5390625 0.02734375 0.037109375
1 0.50439453125 0.4794921875 0.0205078125 0.025390625
2 0.51513671875 0.58154296875 0.0302734375 0.0322265625
7 0.41650390625 0.578125 0.0322265625 0.048828125
10 0.09619140625 0.73583984375 0.0322265625 0.0751953125
0 0.32470703125 0.6357421875 0.0263671875 0.044921875
