1 0.56787109375 0.47119140625 0.0224609375 0.0302734375
4 0.439453125 0.578125 0.025390625 0.046875
5 0.974609375 0.7861328125 0.103515625 0.08984375
9 0.52880859375 0.56982421875 0.0361328125 0.0634765625
8 0.71044921875 0.57958984375 0.0439453125 0.0439453125
6 0.20703125 0.53759765625 0.044921875 0.0400390625
7 0.0673828125 0.6787109375 0.048828125 0.078125
1 0.6015625 0.42578125 0.01953125 0.025390625
7 0.25390625 0.43896484375 0.017578125 0.0322265625
4 0.4892578125 0.5224609375 0.0234375 0.0390625
0 0.482421875 0.47314453125 0.017578125 0.0302734375
8 0.525390625 0.44384765625 0.021484375 0.0283203125
1 0.9560546875 0.63134765625 0.052734375 0.0498046875
