2 0.8232421875 0.595703125 0.037109375 0.052734375
5 0.349609375 0.626953125 0.056640625 0.06640625
1 0.8505859375 0.58203125 0.041015625 0.05078125
1 0.59423828125 0.4951171875 0.0302734375 0.02734375
10 0.64892578125 0.5009765625 0.0361328125 0.0234375
10 0.36181640625 0.484375 0.0224609375 0.017578125
6 0.8544921875 0.50927734375 0.03125 0.0361328125
8 0.17626953125 0.6162109375 0.0283203125 0.060546875
6 0.19775390625 0.56201171875 0.0419921875 0.0439453125
6 0.1318359375 0.52294921875 0.03515625 0.0341796875
