5 0.79296875 0.47119140625 0.0390625 0.0302734375
8 0.5810546875 0.4619140625 0.01953125 0.02734375
5 0.04052734375 0.7548828125 0.1123046875 0.09765625
4 0.6142578125 0.4931640625 0.021484375 0.033203125
1 0.0224609375 0.490234375 0.029296875 0.03125
3 0.06787109375 0.63037109375 0.0498046875 0.0654296875
2 0.75146484375 0.513671875 0.0283203125 0.02734375
5 0.56396484375 0.548828125 0.0478515625 0.046875
7 0.52587890625 0.48486328125 0.0205078125 0.0361328125
5 0.49658203125 0.48779296875 0.0341796875 0.0341796875
9 0.46337890625 0.47705078125 0.0166015625 0.0361328125
