1 0.908203125 0.5029296875 0.017578125 0.029296875
1 0.05078125 0.61767578125 0.05078125 0.0458984375
7 0.208984375 0.4677734375 0.033203125 0.029296875
10 0.67578125 0.5166015625 0.025390625 0.03125
9 0.74072265625 0.5107421875 0.0224609375 0.0390625
1 0.90087890625 0.67041015625 0.0302734375 0.0517578125
9 0.41357421875 0.611328125 0.0537109375 0.0625
9 0.447265625 0.53173828125 0.0390625 0.0439453125
0 0.388671875 0.52880859375 0.021484375 0.0322265625
6 0.35595703125 0.4716796875 0.0341796875 0.025390625
7 0.349609375 0.43212890625 0.0234375 0.0224609375
0 0.78759765625 0.61181640625 0.0244140625 0.0439453125
7 0.60400390625 0.6474609375 0.0400390625 0.064453125
8 0.87890625 0.6396484375 0.02734375 0.046875
