4 0.89404296875 0.46337890625 0.0263671875 0.0263671875
5 0.9189453125 0.53662109375 0.048828125 0.0380859375
9 0.88232421875 0.474609375 0.0439453125 0.03515625
2 0.37451171875 0.642578125 0.0263671875 0.037109375
3 0.53662109375 0.4296875 0.0166015625 0.0234375
9 0.24169921875 0.62646484375 0.0244140625 0.0615234375
8 0.23486328125 0.46630859375 0.0146484375 0.0244140625
7 0.47607421875 0.45263671875 0.0205078125 0.0283203125
3 0.12158203125 0.49072265625 0.0166015625 0.0302734375
4 0.21875 0.64892578125 0.0234375 0.0458984375
4 0.595703125 0.5869140625 0.029296875 0.0390625
5 0.05908203125 0.783203125 0.0654296875 0.072265625
0 0.1416015625 0.78857421875 0.03125 0.0556640625
3 0.35888671875 0.47705078125 0.0166015625 0.0283203125
