9 0.81494140625 0.50732421875 0.0458984375 0.0341796875
10 0.70703125 0.52978515625 0.044921875 0.0283203125
3 0.2509765625 0.51708984375 0.01953125 0.0283203125
5 0.12451171875 0.5361328125 0.0341796875 0.033203125
8 0.521484375 0.62109375 0.041015625 0.0390625
4 0.05908203125 0.6962890625 0.0283203125 0.052734375
3 0.11767578125 0.6259765625 0.0244140625 0.044921875
5 0.6103515625 0.4658203125 0.029296875 0.0234375
7 0.74560546875 0.50244140625 0.0341796875 0.0302734375
6 0.13671875 0.76171875 0.0625 0.0625
0 0.5947265625 0.453125 0.013671875 0.01953125
7 0.54345703125 0.50537109375 0.0283203125 0.0302734375
9 0.88330078125 0.52294921875 0.0517578125 0.0361328125
9 0.01123046875 0.51220703125 0.0166015625 0.0322265625
