0 0.68603515625 0.5302734375 0.0146484375 0.0234375
7 0.62451171875 0.5302734375 0.0205078125 0.025390625
0 0.19580078125 0.533203125 0.0224609375 0.029296875
7 0.11474609375 0.56494140625 0.0771484375 0.0556640625
6 0.158203125 0.52783203125 0.041015625 0.0263671875
5 0.87109375 0.53662109375 0.03125 0.0283203125
7 0.28173828125 0.5849609375 0.0830078125 0.072265625
8 0.84765625 0.5341796875 0.013671875 0.025390625
9 0.330078125 0.52587890625 0.03515625 0.0244140625
2 0.58642578125 0.53369140625 0.0185546875 0.0166015625
3 0.26171875 0.5224609375 0.021484375 0.021484375
4 0.4990234375 0.5302734375 0.021484375 0.025390625
3 0.791015625 0.5458984375 0.021484375 0.03515625
7 0.13232421875 0.5390625 0.0498046875 0.03515625
