9 0.85546875 0.51611328125 0.044921875 0.0419921875
10 0.72216796875 0.5419921875 0.0400390625 0.037109375
3 0.2705078125 0.49365234375 0.015625 0.0302734375
5 0.140625 0.51318359375 0.033203125 0.0341796875
8 0.4609375 0.66796875 0.03125 0.041015625
3 0.072265625 0.64013671875 0.02734375 0.0458984375
5 0.666015625 0.4375 0.029296875 0.025390625
7 0.78125 0.50439453125 0.033203125 0.0361328125
6 -0.0009765625 0.83349609375 0.0703125 0.0595703125
0 0.6591796875 0.41845703125 0.013671875 0.0205078125
7 0.56591796875 0.4951171875 0.0244140625 0.03515625
9 0.9189453125 0.5458984375 0.052734375 0.046875
9 0.056640625 0.47216796875 0.021484375 0.0341796875
