6 0.25 0.59619140625 0.03515625 0.0341796875
4 0.58544921875 0.4580078125 0.0166015625 0.021484375
10 0.52392578125 0.474609375 0.0224609375 0.0234375
10 0.3662109375 0.8017578125 0.037109375 0.07421875
3 0.544921875 0.51416015625 0.01953125 0.0283203125
1 0.33203125 0.4892578125 0.013671875 0.0234375
1 0.40966796875 0.5146484375 0.0166015625 0.025390625
4 0.56396484375 0.515625 0.0205078125 0.02734375
7 0.361328125 0.46875 0.015625 0.025390625
4 0.734375 0.6396484375 0.033203125 0.0390625
8 0.52783203125 0.82275390625 0.0439453125 0.0556640625
3 0.111328125 0.587890625 0.01953125 0.037109375
10 0.84619140625 0.4990234375 0.0380859375 0.025390625
1 0.384765625 0.4755859375 0.013671875 0.021484375
