10 0.89404296875 0.626953125 0.0634765625 0.044921875
7 0.181640625 0.49755859375 0.015625 0.0302734375
7 0.146484375 0.50390625 0.015625 0.03125
10 0.7294921875 0.5908203125 0.048828125 0.0390625
5 0.42529296875 0.546875 0.0361328125 0.03515625
2 0.39208984375 0.603515625 0.0244140625 0.03125
7 0.625 0.53369140625 0.03125 0.0361328125
4 0.7041015625 0.611328125 0.033203125 0.0390625
1 0.63427734375 0.455078125 0.0185546875 0.021484375
3 0.462890625 0.50244140625 0.01953125 0.0283203125
10 0.7177734375 0.548828125 0.04296875 0.033203125
8 0.08740234375 0.546875 0.0185546875 0.029296875
10 0.279296875 0.50341796875 0.01953125 0.0263671875
5 0.7607421875 0.57958984375 0.046875 0.0400390625
3 0.75927734375 0.51513671875 0.0263671875 0.0302734375
