7 0.22998046875 0.58349609375 0.0302734375 0.0302734375
3 0.23583984375 0.64013671875 0.0341796875 0.0302734375
10 0.408203125 0.552734375 0.021484375 0.033203125
8 0.7744140625 0.4892578125 0.0390625 0.0234375
1 0.44873046875 0.50439453125 0.0263671875 0.0244140625
0 0.5556640625 0.59326171875 0.01953125 0.0322265625
3 0.515625 0.53369140625 0.01953125 0.0302734375
2 0.81982421875 0.46240234375 0.0244140625 0.0126953125
10 0.47021484375 0.46142578125 0.0185546875 0.0205078125
3 0.29443359375 0.7041015625 0.0244140625 0.052734375
