1 0.33447265625 0.6611328125 0.0283203125 0.052734375
6 0.68408203125 0.46826171875 0.0341796875 0.0263671875
10 0.20166015625 0.73095703125 0.0400390625 0.0810546875
1 0.88427734375 0.52734375 0.0341796875 0.033203125
5 0.36865234375 0.45654296875 0.0263671875 0.0263671875
7 0.64892578125 0.4443359375 0.0224609375 0.025390625
0 0.0205078125 0.583984375 0.029296875 0.041015625
10 0.560546875 0.64599609375 0.046875 0.0595703125
7 0.46484375 0.49365234375 0.021484375 0.0341796875
5 0.56787109375 0.685546875 0.0673828125 0.068359375
2 0.66552734375 0.64990234375 0.0400390625 0.0439453125
6 0.7060546875 0.45654296875 0.033203125 0.0244140625
10 0.59130859375 0.47119140625 0.0263671875 0.0244140625
8 0.23974609375 0.5830078125 0.0244140625 0.041015625
