10 0.3203125 0.45361328125 0.029296875 0.0224609375
1 0.2939453125 0.43701171875 0.01953125 0.0205078125
6 0.18115234375 0.57275390625 0.0498046875 0.0361328125
0 0.4677734375 0.5224609375 0.017578125 0.029296875
2 0.60009765625 0.54150390625 0.0205078125 0.0263671875
5 0.8671875 0.6416015625 0.046875 0.05078125
6 0.58837890625 0.474609375 0.0283203125 0.025390625
9 0.77490234375 0.55712890625 0.0185546875 0.0478515625
4 0.7919921875 0.5205078125 0.015625 0.03125
4 0.12158203125 0.53955078125 0.0322265625 0.0341796875
1 0.32080078125 0.58203125 0.0302734375 0.03515625
2 0.27783203125 0.5146484375 0.0263671875 0.0234375
