7 0.62548828125 0.5078125 0.0166015625 0.0390625
6 0.05615234375 0.4736328125 0.0419921875 0.02734375
0 0.83935546875 0.51025390625 0.0205078125 0.0322265625
5 0.62646484375 0.466796875 0.0283203125 0.029296875
1 0.5283203125 0.48291015625 0.017578125 0.0283203125
3 0.0390625 0.4892578125 0.03125 0.033203125
8 0.8837890625 0.47119140625 0.0234375 0.0263671875
9 0.88623046875 0.4755859375 0.0283203125 0.03515625
7 0.74658203125 0.66015625 0.0361328125 0.072265625
10 0.36669921875 0.53173828125 0.0341796875 0.0361328125
