4 1.0068359375 0.65869140625 0.03125 0.0556640625
10 0.55322265625 0.51806640625 0.0322265625 0.0224609375
5 0.64501953125 0.5078125 0.0322265625 0.02734375
0 0.58154296875 0.50341796875 0.0166015625 0.0244140625
10 0.8623046875 0.50537109375 0.017578125 0.0205078125
5 0.6962890625 0.6181640625 0.056640625 0.052734375
6 0.1552734375 0.56396484375 0.0546875 0.0380859375
8 0.26708984375 0.5166015625 0.0361328125 0.02734375
3 0.2109375 0.501953125 0.02734375 0.025390625
0 0.83154296875 0.54296875 0.0185546875 0.03125
4 0.8662109375 0.53466796875 0.01953125 0.0302734375
1 0.73291015625 0.52978515625 0.0205078125 0.0283203125
6 0.17919921875 0.5205078125 0.0419921875 0.029296875
