4 0.572265625 0.5126953125 0.0234375 0.025390625
0 0.4775390625 0.51318359375 0.017578125 0.0244140625
3 0.37060546875 0.51611328125 0.0205078125 0.0263671875
9 0.03125 0.5419921875 0.01953125 0.03515625
10 0.7607421875 0.58251953125 0.0703125 0.0380859375
10 0.65087890625 0.55419921875 0.0537109375 0.0302734375
7 0.33154296875 0.5224609375 0.0244140625 0.029296875
8 0.5556640625 0.5087890625 0.02734375 0.0234375
3 -0.00341796875 0.57080078125 0.0224609375 0.0400390625
7 0.7802734375 0.5771484375 0.05859375 0.046875
4 0.99267578125 0.54541015625 0.0419921875 0.0361328125
8 0.8056640625 0.5048828125 0.03515625 0.0234375
5 0.6484375 0.5361328125 0.044921875 0.033203125
2 0.1328125 0.5693359375 0.0234375 0.02734375
4 0.43115234375 0.5400390625 0.0263671875 0.03125
