3 0.375 0.4921875 0.013671875 0.025390625
3 0.46875 0.54443359375 0.0234375 0.0400390625
0 0.9052734375 0.4921875 0.01953125 0.025390625
0 0.466796875 0.5029296875 0.015625 0.02734375
5 0.193359375 0.70947265625 0.09375 0.0947265625
10 0.65478515625 0.5380859375 0.0380859375 0.03125
9 0.912109375 0.5244140625 0.052734375 0.0390625
4 0.73291015625 0.5517578125 0.0341796875 0.041015625
7 0.07421875 0.5107421875 0.02734375 0.03125
4 0.16748046875 0.517578125 0.0205078125 0.03125
8 0.85595703125 0.63671875 0.0712890625 0.0625
5 0.23583984375 0.51123046875 0.0341796875 0.0302734375
2 0.15966796875 0.61181640625 0.0361328125 0.0419921875
0 0.091796875 0.56982421875 0.029296875 0.0439453125
