10 0.75537109375 0.5693359375 0.0322265625 0.0390625
3 0.369140625 0.50048828125 0.025390625 0.0283203125
5 0.2373046875 0.4970703125 0.041015625 0.029296875
8 0.20703125 0.58203125 0.064453125 0.048828125
5 0.89794921875 0.5126953125 0.0341796875 0.03125
4 0.99169921875 0.69775390625 0.0478515625 0.0830078125
7 0.91845703125 0.55615234375 0.0244140625 0.0458984375
0 0.9296875 0.50439453125 0.015625 0.0263671875
7 0.65185546875 0.5263671875 0.0283203125 0.037109375
9 0.248046875 0.47998046875 0.037109375 0.0244140625
