10 0.6494140625 0.48828125 0.0546875 0.0390625
0 0.87109375 0.42724609375 0.0234375 0.0302734375
7 0.03271484375 0.8349609375 0.0517578125 0.126953125
5 0.41064453125 0.68017578125 0.0791015625 0.0810546875
6 0.05712890625 0.6435546875 0.0654296875 0.0625
3 0.9384765625 0.5224609375 0.05078125 0.048828125
5 0.11767578125 0.4873046875 0.0439453125 0.04296875
1 0.57373046875 0.4541015625 0.0302734375 0.033203125
10 0.37548828125 0.93017578125 0.0986328125 0.1552734375
9 0.513671875 0.484375 0.046875 0.048828125
2 0.6240234375 0.4833984375 0.033203125 0.029296875
4 0.341796875 0.47802734375 0.02734375 0.0380859375
2 0.95654296875 0.560546875 0.0537109375 0.041015625
2 0.60888671875 0.484375 0.0341796875 0.029296875
