2 0.744140625 0.6494140625 0.0390625 0.05859375
5 0.2265625 0.6513671875 0.05859375 0.068359375
1 0.794921875 0.63232421875 0.037109375 0.0595703125
1 0.65283203125 0.48583984375 0.0322265625 0.0283203125
10 0.70654296875 0.49560546875 0.0302734375 0.0283203125
10 0.4423828125 0.45751953125 0.015625 0.0185546875
6 0.91650390625 0.5234375 0.0380859375 0.041015625
8 0.091796875 0.6220703125 0.046875 0.0625
6 0.18408203125 0.55322265625 0.0478515625 0.0419921875
6 0.17822265625 0.49853515625 0.0380859375 0.0322265625
