3 0.3642578125 0.52685546875 0.013671875 0.0205078125
3 0.4794921875 0.5380859375 0.021484375 0.029296875
0 0.80126953125 0.5224609375 0.0146484375 0.01953125
0 0.4501953125 0.5283203125 0.013671875 0.021484375
5 0.388671875 0.5703125 0.05859375 0.05078125
10 0.6181640625 0.5380859375 0.033203125 0.01953125
9 0.81103515625 0.5302734375 0.0400390625 0.025390625
4 0.6845703125 0.537109375 0.02734375 0.029296875
7 0.12060546875 0.53369140625 0.0166015625 0.0244140625
4 0.208984375 0.53466796875 0.013671875 0.0244140625
8 0.78955078125 0.552734375 0.0498046875 0.0390625
5 0.2626953125 0.53271484375 0.02734375 0.0244140625
2 0.28662109375 0.55908203125 0.0224609375 0.0263671875
0 0.2021484375 0.54736328125 0.017578125 0.0322265625
