3 0.7431640625 0.51025390625 0.03515625 0.0205078125
4 0.1552734375 0.796875 0.0625 0.060546875
7 0.57373046875 0.5634765625 0.0419921875 0.0390625
3 0.51171875 0.56884765625 0.02734375 0.0380859375
3 0.5283203125 0.45361328125 0.0234375 0.0224609375
4 0.50830078125 0.45166015625 0.0224609375 0.0146484375
4 0.4931640625 0.48779296875 0.02734375 0.0244140625
5 0.42138671875 0.4970703125 0.0322265625 0.03125
0 0.68603515625 0.50244140625 0.0185546875 0.0263671875
2 0.06982421875 0.79248046875 0.0458984375 0.0478515625
