10 0.470703125 0.47119140625 0.025390625 0.0419921875
5 0.53564453125 0.42822265625 0.0361328125 0.0361328125
0 0.455078125 0.4326171875 0.017578125 0.03125
10 0.6962890625 0.37451171875 0.029296875 0.0283203125
6 0.1982421875 0.7802734375 0.07421875 0.06640625
8 0.11865234375 0.56591796875 0.0361328125 0.0439453125
0 0.830078125 0.4697265625 0.025390625 0.03515625
4 0.82275390625 0.4443359375 0.0302734375 0.03515625
1 0.69921875 0.46240234375 0.02734375 0.0341796875
6 0.0029296875 0.61279296875 0.06640625 0.0498046875
