2 0.24072265625 0.51953125 0.0224609375 0.017578125
8 0.63916015625 0.5283203125 0.0478515625 0.033203125
4 0.87109375 0.52099609375 0.0390625 0.0322265625
0 0.50634765625 0.55859375 0.0322265625 0.044921875
7 0.5947265625 0.5791015625 0.07421875 0.05859375
2 0.8837890625 0.54296875 0.046875 0.02734375
3 0.75830078125 0.51220703125 0.0322265625 0.0283203125
5 0.51953125 0.49951171875 0.03125 0.0205078125
3 0.6875 0.55224609375 0.048828125 0.0458984375
0 0.4990234375 0.5078125 0.017578125 0.0234375
5 0.8837890625 0.5205078125 0.05078125 0.033203125
4 0.5517578125 0.56396484375 0.048828125 0.0478515625
3 0.1171875 0.52392578125 0.0234375 0.0283203125
