2 0.5908203125 0.48876953125 0.025390625 0.0146484375
6 0.681640625 0.453125 0.0234375 0.0234375
3 0.6455078125 0.65869140625 0.04296875 0.0419921875
0 0.73583984375 0.498046875 0.0146484375 0.025390625
1 0.32177734375 0.58740234375 0.0263671875 0.0341796875
8 0.4072265625 0.60009765625 0.056640625 0.0361328125
3 0.623046875 0.46337890625 0.01171875 0.0263671875
7 0.212890625 0.53466796875 0.041015625 0.0263671875
1 0.27880859375 0.5576171875 0.0224609375 0.037109375
1 0.236328125 0.72509765625 0.056640625 0.0419921875
