0 0.06005859375 0.4931640625 0.0146484375 0.025390625
4 0.244140625 0.5400390625 0.01953125 0.03125
6 0.4052734375 0.71875 0.05859375 0.052734375
10 0.30908203125 0.486328125 0.0224609375 0.025390625
7 0.466796875 0.6064453125 0.03515625 0.048828125
7 0.49609375 0.4462890625 0.021484375 0.025390625
9 0.50830078125 0.48974609375 0.0302734375 0.0341796875
1 0.3564453125 0.67041015625 0.03125 0.0439453125
8 0.2421875 0.86767578125 0.04296875 0.0693359375
3 0.55712890625 0.447265625 0.0185546875 0.0234375
5 0.8037109375 0.50830078125 0.041015625 0.0322265625
0 0.78759765625 0.5595703125 0.0244140625 0.033203125
5 0.44580078125 0.5146484375 0.0361328125 0.033203125
7 0.73779296875 0.46875 0.0302734375 0.029296875
