5 0.9169921875 0.81884765625 0.12890625 0.1181640625
2 0.5517578125 0.7216796875 0.05859375 0.06640625
6 0.58544921875 0.45458984375 0.0439453125 0.0341796875
6 0.08154296875 0.46484375 0.0380859375 0.03515625
0 0.31494140625 0.45361328125 0.0205078125 0.0322265625
1 0.6796875 0.44873046875 0.03125 0.0322265625
4 0.40771484375 0.466796875 0.0263671875 0.037109375
8 0.78466796875 0.5068359375 0.0537109375 0.041015625
8 0.5927734375 0.58935546875 0.056640625 0.0517578125
6 0.01513671875 0.66796875 0.0732421875 0.068359375
5 0.67578125 0.4130859375 0.0390625 0.03125
