4 0.6142578125 0.47509765625 0.025390625 0.0322265625
0 0.505859375 0.47021484375 0.017578125 0.0302734375
3 0.3857421875 0.470703125 0.01953125 0.033203125
10 0.751953125 0.71240234375 0.076171875 0.0771484375
10 0.65478515625 0.60546875 0.0537109375 0.0546875
7 0.33447265625 0.48681640625 0.0224609375 0.0400390625
8 0.60107421875 0.46240234375 0.0283203125 0.0283203125
7 0.7763671875 0.71240234375 0.06640625 0.0810546875
8 0.900390625 0.46875 0.041015625 0.029296875
5 0.67041015625 0.556640625 0.0517578125 0.046875
2 0.0595703125 0.60205078125 0.02734375 0.0380859375
4 0.416015625 0.54931640625 0.025390625 0.0400390625
