2 0.0908203125 0.5185546875 0.033203125 0.025390625
8 0.142578125 0.5849609375 0.052734375 0.037109375
8 0.1298828125 0.505859375 0.04296875 0.029296875
5 0.80224609375 0.5185546875 0.0361328125 0.03515625
10 0.45361328125 0.4580078125 0.0322265625 0.0234375
4 0.56982421875 0.75146484375 0.0419921875 0.0595703125
6 0.43359375 0.5703125 0.046875 0.037109375
8 0.47119140625 0.6103515625 0.0419921875 0.0390625
7 0.3173828125 0.47802734375 0.033203125 0.0322265625
4 0.46044921875 0.49365234375 0.0244140625 0.0283203125
7 0.4599609375 0.63720703125 0.044921875 0.0556640625
9 0.02099609375 0.60498046875 0.0771484375 0.0576171875
8 0.73779296875 0.46435546875 0.0205078125 0.0244140625
