3 0.361328125 0.52734375 0.017578125 0.033203125
5 0.63916015625 0.73486328125 0.0498046875 0.0576171875
4 0.80419921875 0.6806640625 0.0283203125 0.044921875
2 0.85791015625 0.4892578125 0.0283203125 0.017578125
3 0.59130859375 0.58251953125 0.0166015625 0.0380859375
9 0.38623046875 0.49365234375 0.0205078125 0.0341796875
8 0.3193359375 0.505859375 0.02734375 0.04296875
0 0.3125 0.54736328125 0.029296875 0.0185546875
8 0.69580078125 0.52099609375 0.0263671875 0.0244140625
7 0.21240234375 0.458984375 0.0224609375 0.02734375
