10 0.220703125 0.462890625 0.03515625 0.02734375
1 0.18115234375 0.44677734375 0.0244140625 0.0263671875
6 0.05517578125 0.5966796875 0.0771484375 0.052734375
0 0.45068359375 0.5234375 0.0224609375 0.0390625
2 0.6357421875 0.53857421875 0.021484375 0.0322265625
6 0.572265625 0.47216796875 0.033203125 0.0302734375
9 0.876953125 0.54541015625 0.04296875 0.0576171875
4 0.85693359375 0.50732421875 0.0263671875 0.0380859375
1 0.27392578125 0.60009765625 0.0419921875 0.0517578125
2 0.18310546875 0.525390625 0.0341796875 0.03125
