9 0.6904296875 0.47265625 0.05078125 0.025390625
7 0.33935546875 0.70166015625 0.0263671875 0.0634765625
9 0.33984375 0.51513671875 0.017578125 0.0380859375
6 0.251953125 0.58447265625 0.03515625 0.0380859375
4 0.1376953125 0.48291015625 0.02734375 0.0166015625
6 0.82470703125 0.4580078125 0.0322265625 0.025390625
6 0.498046875 0.544921875 0.03515625 0.03515625
6 0.37353515625 0.53564453125 0.0283203125 0.0380859375
0 0.54736328125 0.6025390625 0.0224609375 0.025390625
10 0.990234375 0.60986328125 0.07421875 0.0263671875
