0 0.6357421875 0.41015625 0.01953125 0.033203125
7 0.56982421875 0.4228515625 0.0224609375 0.044921875
0 0.048828125 0.61083984375 0.0390625 0.0517578125
5 0.88232421875 0.4345703125 0.0498046875 0.041015625
8 0.82666015625 0.412109375 0.0341796875 0.033203125
9 0.16650390625 0.45556640625 0.0380859375 0.0556640625
2 0.5234375 0.43359375 0.01953125 0.029296875
3 0.02880859375 0.423828125 0.0322265625 0.0390625
4 0.427734375 0.45947265625 0.01953125 0.0400390625
3 0.935546875 0.57421875 0.046875 0.05859375
7 0.00830078125 0.73876953125 0.0732421875 0.1005859375
