1 0.16455078125 0.55517578125 0.0380859375 0.0361328125
7 0.7783203125 0.48095703125 0.01953125 0.0322265625
1 0.01513671875 0.55224609375 0.0419921875 0.0361328125
6 0.82470703125 0.46337890625 0.0283203125 0.0263671875
5 0.482421875 0.65478515625 0.05859375 0.0576171875
9 0.7568359375 0.455078125 0.01953125 0.03125
0 0.5029296875 0.68603515625 0.03125 0.0498046875
0 0.50927734375 0.5029296875 0.0185546875 0.029296875
1 0.6689453125 0.5712890625 0.025390625 0.037109375
9 0.197265625 0.568359375 0.060546875 0.052734375
7 0.453125 0.71826171875 0.052734375 0.0751953125
5 0.87353515625 0.5634765625 0.0400390625 0.04296875
8 0.27734375 0.52734375 0.0390625 0.033203125
0 0.248046875 0.498046875 0.021484375 0.029296875
0 0.41357421875 0.4970703125 0.0185546875 0.029296875
