9 0.33642578125 0.51708984375 0.0458984375 0.0322265625
7 0.5107421875 0.5966796875 0.046875 0.048828125
2 0.5419921875 0.4990234375 0.021484375 0.017578125
0 0.5166015625 0.48583984375 0.015625 0.0224609375
0 0.21875 0.5498046875 0.025390625 0.033203125
1 0.19140625 0.5927734375 0.044921875 0.041015625
10 0.6591796875 0.7216796875 0.072265625 0.0703125
9 0.39306640625 0.55078125 0.0537109375 0.041015625
9 0.8447265625 0.5498046875 0.03125 0.0390625
5 0.3154296875 0.4921875 0.03515625 0.025390625
10 0.61962890625 0.50341796875 0.0302734375 0.0205078125
2 0.83154296875 0.611328125 0.0302734375 0.033203125
7 0.4208984375 0.5087890625 0.033203125 0.029296875
9 0.58056640625 0.5048828125 0.0341796875 0.029296875
7 0.54443359375 0.53369140625 0.0341796875 0.0341796875
