3 0.82861328125 0.5302734375 0.0341796875 0.029296875
7 0.17041015625 0.54443359375 0.0283203125 0.0400390625
1 -0.0029296875 0.5400390625 0.015625 0.025390625
7 0.3955078125 0.5517578125 0.0625 0.064453125
0 0.5009765625 0.53271484375 0.017578125 0.0244140625
7 0.70068359375 0.52734375 0.0263671875 0.01953125
6 0.45166015625 0.5380859375 0.0498046875 0.03515625
3 0.859375 0.52880859375 0.03125 0.0263671875
1 0.39306640625 0.5322265625 0.0185546875 0.021484375
2 0.8759765625 0.53369140625 0.033203125 0.0185546875
7 0.23779296875 0.53515625 0.0185546875 0.0234375
1 0.197265625 0.556640625 0.046875 0.068359375
5 0.39453125 0.533203125 0.03125 0.0234375
2 0.2919921875 0.54443359375 0.025390625 0.0224609375
5 0.98779296875 0.529296875 0.0537109375 0.03125
