4 0.37744140625 0.521484375 0.0185546875 0.02734375
3 0.16357421875 0.5693359375 0.0302734375 0.03515625
8 0.5732421875 0.60595703125 0.021484375 0.0361328125
1 0.32666015625 0.734375 0.0400390625 0.052734375
1 0.96875 0.544921875 0.0234375 0.02734375
1 0.21533203125 0.52880859375 0.0244140625 0.0263671875
8 0.53076171875 0.51220703125 0.0166015625 0.0244140625
1 0.2119140625 0.54052734375 0.025390625 0.0283203125
4 0.59375 0.50341796875 0.013671875 0.0244140625
3 0.16650390625 0.61083984375 0.0341796875 0.0419921875
9 0.49267578125 0.578125 0.0263671875 0.044921875
9 0.9853515625 0.5009765625 0.02734375 0.029296875
0 0.30908203125 0.494140625 0.0146484375 0.0234375
7 0.62353515625 0.48291015625 0.0126953125 0.0244140625
2 0.6552734375 0.5185546875 0.013671875 0.01953125
