8 0.72216796875 0.52099609375 0.0361328125 0.0283203125
10 0.22119140625 0.4833984375 0.0224609375 0.025390625
2 0.6328125 0.47998046875 0.0234375 0.0205078125
1 0.1484375 0.53271484375 0.01953125 0.0283203125
4 0.4150390625 0.43603515625 0.017578125 0.0224609375
8 0.8857421875 0.53076171875 0.04296875 0.0283203125
9 0.27197265625 0.80859375 0.0517578125 0.08984375
0 0.3203125 0.591796875 0.021484375 0.033203125
9 0.26416015625 0.671875 0.0400390625 0.0625
0 0.0380859375 0.48974609375 0.015625 0.0244140625
10 0.92236328125 0.5205078125 0.0537109375 0.03125
10 0.712890625 0.44287109375 0.03515625 0.0224609375
10 0.4267578125 0.50146484375 0.03125 0.0283203125
5 0.60302734375 0.7099609375 0.0576171875 0.056640625
