1 0.7333984375 0.513671875 0.01953125 0.025390625
3 0.24365234375 0.7001953125 0.0458984375 0.0703125
1 0.50244140625 0.63037109375 0.0244140625 0.0478515625
0 0.4912109375 0.53564453125 0.015625 0.0302734375
8 0.29931640625 0.53466796875 0.0244140625 0.0302734375
3 0.20751953125 0.50537109375 0.0205078125 0.0263671875
8 0.58544921875 0.53662109375 0.0185546875 0.0302734375
5 0.48681640625 0.51611328125 0.0283203125 0.0283203125
8 0.42431640625 0.57861328125 0.0244140625 0.0380859375
2 0.3955078125 0.53564453125 0.017578125 0.0224609375
0 0.8037109375 0.50732421875 0.017578125 0.0244140625
2 0.6943359375 0.50927734375 0.017578125 0.0185546875
0 0.31884765625 0.50341796875 0.0146484375 0.0244140625
8 0.10693359375 0.55419921875 0.0361328125 0.0341796875
