5 0.68505859375 0.50732421875 0.0341796875 0.0244140625
8 0.498046875 0.5078125 0.021484375 0.0234375
5 0.32080078125 0.61669921875 0.0732421875 0.0693359375
4 0.55615234375 0.5185546875 0.0224609375 0.02734375
1 -0.00341796875 0.53125 0.0224609375 0.029296875
3 0.2158203125 0.5791015625 0.02734375 0.05078125
2 0.68017578125 0.52490234375 0.0263671875 0.0205078125
5 0.5625 0.53857421875 0.046875 0.0361328125
7 0.4736328125 0.51806640625 0.025390625 0.0283203125
3 0.1357421875 0.60400390625 0.033203125 0.0615234375
5 0.4501953125 0.51904296875 0.03515625 0.0283203125
9 0.41015625 0.51611328125 0.025390625 0.0283203125
