7 0.626953125 0.5302734375 0.0234375 0.02734375
6 0.21484375 0.50732421875 0.03125 0.0205078125
0 0.81005859375 0.53662109375 0.0166015625 0.0263671875
9 0.89990234375 0.57861328125 0.0224609375 0.0458984375
6 0.01611328125 0.53564453125 0.0478515625 0.0302734375
5 0.66748046875 0.51806640625 0.0283203125 0.0224609375
1 0.56982421875 0.5205078125 0.0185546875 0.0234375
3 0.1943359375 0.51123046875 0.0234375 0.0224609375
8 0.9013671875 0.52587890625 0.013671875 0.0224609375
9 0.89404296875 0.52783203125 0.0146484375 0.0263671875
7 0.84423828125 0.64794921875 0.0380859375 0.0712890625
7 0.58935546875 0.57421875 0.0361328125 0.04296875
10 0.40673828125 0.533203125 0.0361328125 0.021484375
