0 0.09619140625 0.6884765625 0.0283203125 0.046875
2 0.3818359375 0.482421875 0.017578125 0.01953125
7 0.802734375 0.5107421875 0.037109375 0.03515625
0 0.228515625 0.490234375 0.015625 0.025390625
6 0.82666015625 0.6494140625 0.0634765625 0.046875
5 0.27197265625 0.4619140625 0.0263671875 0.025390625
2 0.55029296875 0.63232421875 0.0322265625 0.0361328125
0 0.162109375 0.5029296875 0.015625 0.02734375
6 0.1171875 0.57958984375 0.0390625 0.0361328125
8 0.8935546875 0.6767578125 0.0625 0.046875
7 0.76318359375 0.43701171875 0.0263671875 0.0244140625
8 0.306640625 0.58154296875 0.025390625 0.0361328125
3 0.54833984375 0.748046875 0.0419921875 0.06640625
0 0.58447265625 0.45361328125 0.0146484375 0.0224609375
