9 0.63916015625 0.505859375 0.0498046875 0.0234375
5 0.3017578125 0.525390625 0.033203125 0.029296875
8 0.34033203125 0.51513671875 0.0205078125 0.0244140625
1 0.2255859375 0.65087890625 0.072265625 0.0419921875
8 0.171875 0.59228515625 0.044921875 0.0341796875
0 0.3515625 0.52587890625 0.017578125 0.0283203125
7 0.40771484375 0.5537109375 0.0595703125 0.021484375
5 0.64013671875 0.56982421875 0.0556640625 0.0517578125
1 0.85693359375 0.55224609375 0.0380859375 0.0224609375
9 0.78759765625 0.50146484375 0.0400390625 0.0126953125
