8 0.7685546875 0.55224609375 0.021484375 0.0361328125
10 0.3818359375 0.509765625 0.025390625 0.017578125
2 0.76318359375 0.53515625 0.0166015625 0.021484375
1 0.2421875 0.513671875 0.0234375 0.025390625
4 0.6279296875 0.50634765625 0.013671875 0.0224609375
8 0.9736328125 0.57421875 0.0390625 0.04296875
0 0.2353515625 0.5361328125 0.0234375 0.03125
9 0.0498046875 0.5498046875 0.064453125 0.04296875
7 0.84228515625 0.64990234375 0.0478515625 0.0830078125
0 0.2490234375 0.50048828125 0.015625 0.0205078125
10 0.95947265625 0.53173828125 0.0283203125 0.0224609375
10 0.50537109375 0.5263671875 0.0244140625 0.021484375
5 0.18017578125 0.58935546875 0.0732421875 0.0537109375
