9 0.00390625 0.5390625 0.02734375 0.0703125
2 0.94580078125 0.5517578125 0.0283203125 0.037109375
5 0.94140625 0.49853515625 0.044921875 0.0341796875
3 0.6845703125 0.525390625 0.03125 0.03515625
9 0.6796875 0.62646484375 0.078125 0.0517578125
4 0.50732421875 0.4541015625 0.0244140625 0.02734375
10 0.02197265625 0.71484375 0.0400390625 0.1015625
6 0.2158203125 0.48828125 0.033203125 0.033203125
4 0.44677734375 0.4501953125 0.0205078125 0.025390625
10 0.49560546875 0.67431640625 0.0576171875 0.0576171875
