9 0.6533203125 0.54541015625 0.041015625 0.0498046875
6 0.6201171875 0.5390625 0.041015625 0.033203125
1 0.2392578125 0.56787109375 0.01953125 0.0341796875
10 0.20947265625 0.79638671875 0.0302734375 0.0830078125
9 0.23388671875 0.6142578125 0.0244140625 0.060546875
9 0.10791015625 0.62060546875 0.0263671875 0.0615234375
0 0.734375 0.51708984375 0.021484375 0.0302734375
6 0.435546875 0.50537109375 0.03515625 0.0302734375
6 0.7724609375 0.673828125 0.060546875 0.046875
2 0.5771484375 0.73583984375 0.037109375 0.0478515625
1 0.55517578125 0.408203125 0.0166015625 0.021484375
2 0.68115234375 0.43310546875 0.0205078125 0.0185546875
9 0.53271484375 0.44970703125 0.0263671875 0.0341796875
0 0.46533203125 0.4111328125 0.0126953125 0.021484375
10 0.5244140625 0.72314453125 0.048828125 0.0693359375
