0 0.5712890625 0.42919921875 0.017578125 0.0263671875
1 0.2001953125 0.49462890625 0.0234375 0.0341796875
5 0.7822265625 0.48193359375 0.048828125 0.0380859375
5 0.0078125 0.47705078125 0.037109375 0.0361328125
10 0.56982421875 0.4677734375 0.0419921875 0.029296875
8 0.2646484375 0.44140625 0.0234375 0.02734375
1 0.36865234375 0.78076171875 0.0537109375 0.0732421875
3 0.9326171875 0.66552734375 0.06640625 0.0673828125
7 0.37255859375 0.74609375 0.0634765625 0.095703125
8 0.54638671875 0.59228515625 0.0517578125 0.0478515625
3 0.51904296875 0.59033203125 0.0400390625 0.0537109375
0 0.77685546875 0.73828125 0.0478515625 0.068359375
