9 0.96875 0.6142578125 0.095703125 0.05078125
9 0.82568359375 0.548828125 0.0791015625 0.03125
0 0.06689453125 0.56298828125 0.0224609375 0.0380859375
8 0.2294921875 0.62158203125 0.033203125 0.0458984375
3 0.3984375 0.6494140625 0.0546875 0.052734375
5 0.84765625 0.5283203125 0.052734375 0.041015625
3 0.09423828125 0.466796875 0.0166015625 0.029296875
1 0.29443359375 0.43994140625 0.0166015625 0.0224609375
4 0.51025390625 0.576171875 0.0302734375 0.044921875
9 0.98291015625 0.5068359375 0.0693359375 0.025390625
