8 0.646484375 0.52685546875 0.025390625 0.0537109375
7 0.1533203125 0.7958984375 0.03515625 0.091796875
10 0.330078125 0.49609375 0.056640625 0.021484375
6 0.32763671875 0.48388671875 0.0263671875 0.0322265625
7 0.7890625 0.45947265625 0.03125 0.0283203125
0 0.87353515625 0.64306640625 0.0341796875 0.0458984375
8 0.2197265625 0.54541015625 0.021484375 0.0537109375
10 0.05908203125 0.802734375 0.0419921875 0.08984375
7 0.3447265625 0.53857421875 0.05078125 0.0244140625
10 0.85693359375 0.43603515625 0.0205078125 0.0478515625
