9 0.330078125 0.54052734375 0.01953125 0.0283203125
7 0.7158203125 0.5458984375 0.03515625 0.03125
2 0.38330078125 0.53076171875 0.0146484375 0.0146484375
0 0.32421875 0.52587890625 0.01171875 0.0205078125
0 0.390625 0.552734375 0.01953125 0.03125
1 0.5419921875 0.56103515625 0.029296875 0.0361328125
9 0.5087890625 0.5439453125 0.03125 0.03125
9 0.7158203125 0.5263671875 0.03125 0.0234375
5 0.19140625 0.53662109375 0.02734375 0.0244140625
10 0.447265625 0.5283203125 0.01953125 0.015625
2 0.8486328125 0.53955078125 0.02734375 0.0185546875
7 0.35498046875 0.53515625 0.0185546875 0.025390625
9 0.44580078125 0.52783203125 0.0205078125 0.0224609375
7 0.5302734375 0.5341796875 0.0234375 0.025390625
