1 0.70458984375 0.50537109375 0.0146484375 0.0224609375
3 0.28076171875 0.732421875 0.0322265625 0.05078125
1 0.470703125 0.662109375 0.021484375 0.03515625
0 0.4931640625 0.53466796875 0.013671875 0.0244140625
8 0.34033203125 0.53076171875 0.0205078125 0.0244140625
3 0.27001953125 0.4833984375 0.0166015625 0.0234375
8 0.5693359375 0.5390625 0.013671875 0.025390625
5 0.49609375 0.5048828125 0.025390625 0.025390625
8 0.427734375 0.5947265625 0.021484375 0.029296875
2 0.4169921875 0.53076171875 0.015625 0.0205078125
0 0.7685546875 0.4970703125 0.013671875 0.021484375
2 0.67578125 0.494140625 0.013671875 0.017578125
3 0.97802734375 0.60498046875 0.0283203125 0.0361328125
0 0.36083984375 0.48291015625 0.0126953125 0.0205078125
8 0.18994140625 0.55517578125 0.0283203125 0.0263671875
