10 0.62548828125 0.53564453125 0.0185546875 0.0322265625
6 0.91015625 0.60693359375 0.0390625 0.0458984375
4 0.68115234375 0.5703125 0.0185546875 0.03515625
3 0.40625 0.482421875 0.015625 0.029296875
2 0.30078125 0.4853515625 0.021484375 0.01953125
4 0.10205078125 0.7392578125 0.0537109375 0.04296875
4 0.4169921875 0.45849609375 0.015625 0.0244140625
7 0.46337890625 0.51708984375 0.0302734375 0.0263671875
1 0.875 0.82861328125 0.052734375 0.0517578125
0 0.40576171875 0.4375 0.0126953125 0.021484375
