2 0.6796875 0.7529296875 0.046875 0.05078125
1 0.63427734375 0.5625 0.0283203125 0.033203125
1 0.7841796875 0.47412109375 0.0234375 0.0244140625
10 0.58837890625 0.75146484375 0.0615234375 0.0732421875
0 0.2216796875 0.50830078125 0.015625 0.0263671875
5 0.07763671875 0.58154296875 0.0419921875 0.0419921875
3 0.86083984375 0.466796875 0.0244140625 0.025390625
3 0.2275390625 0.4990234375 0.015625 0.029296875
7 0.0849609375 0.68359375 0.03125 0.064453125
6 0.2490234375 0.5126953125 0.03125 0.029296875
9 0.37939453125 0.47216796875 0.0205078125 0.0302734375
0 0.71630859375 0.4501953125 0.0146484375 0.021484375
9 0.361328125 0.583984375 0.029296875 0.05078125
1 0.71337890625 0.580078125 0.0322265625 0.03515625
10 0.77734375 0.53271484375 0.044921875 0.0322265625
