4 0.3515625 0.53369140625 0.015625 0.0283203125
3 0.15283203125 0.56103515625 0.0283203125 0.0380859375
8 0.6494140625 0.5634765625 0.03125 0.037109375
1 0.53173828125 0.63232421875 0.0361328125 0.0595703125
1 0.95703125 0.529296875 0.02734375 0.02734375
1 0.171875 0.541015625 0.0234375 0.029296875
8 0.50439453125 0.5263671875 0.0166015625 0.025390625
1 0.18017578125 0.54638671875 0.0244140625 0.0322265625
4 0.5615234375 0.521484375 0.015625 0.0234375
3 0.201171875 0.580078125 0.03125 0.044921875
9 0.5390625 0.5546875 0.025390625 0.0390625
9 0.92431640625 0.5126953125 0.0322265625 0.0234375
0 0.24658203125 0.52392578125 0.0146484375 0.0244140625
7 0.5703125 0.51318359375 0.015625 0.0224609375
2 0.6357421875 0.5283203125 0.017578125 0.017578125
