1 0.8076171875 0.40576171875 0.029296875 0.0302734375
1 0.09814453125 0.890625 0.0595703125 0.08203125
10 0.6298828125 0.46337890625 0.037109375 0.0419921875
9 0.685546875 0.44384765625 0.0390625 0.0498046875
9 0.6083984375 0.70654296875 0.060546875 0.1083984375
9 0.43359375 0.5419921875 0.03125 0.068359375
0 0.35693359375 0.552734375 0.0244140625 0.044921875
6 0.16259765625 0.45263671875 0.0419921875 0.0361328125
7 0.05859375 0.38134765625 0.025390625 0.0341796875
0 0.96435546875 0.59521484375 0.0400390625 0.0498046875
7 0.89990234375 0.7099609375 0.0771484375 0.09375
