3 0.8408203125 0.56689453125 0.0390625 0.0400390625
6 0.6572265625 0.546875 0.044921875 0.03515625
7 0.5634765625 0.45654296875 0.025390625 0.0244140625
0 0.23046875 0.56982421875 0.021484375 0.0341796875
5 0.2978515625 0.4697265625 0.029296875 0.025390625
2 0.939453125 0.66943359375 0.0546875 0.0419921875
6 0.34814453125 0.6650390625 0.0576171875 0.05078125
10 0.19189453125 0.48193359375 0.0205078125 0.0224609375
8 0.162109375 0.513671875 0.021484375 0.02734375
10 0.32177734375 0.51806640625 0.0302734375 0.0283203125
4 0.42626953125 0.46044921875 0.0185546875 0.0224609375
