5 0.84228515625 0.61181640625 0.0419921875 0.0419921875
9 0.97705078125 0.56640625 0.0185546875 0.041015625
2 0.2626953125 0.5673828125 0.03125 0.025390625
3 0.744140625 0.47802734375 0.015625 0.0224609375
9 0.216796875 0.54150390625 0.048828125 0.0380859375
8 0.45556640625 0.4638671875 0.0224609375 0.01953125
7 0.64208984375 0.484375 0.0205078125 0.025390625
3 0.3486328125 0.46484375 0.01953125 0.021484375
4 0.1806640625 0.54736328125 0.03125 0.0302734375
4 0.4697265625 0.57470703125 0.02734375 0.0341796875
5 0.796875 0.765625 0.060546875 0.068359375
3 0.51025390625 0.48388671875 0.0185546875 0.0244140625
