4 0.880859375 0.466796875 0.025390625 0.025390625
5 0.89892578125 0.53759765625 0.0458984375 0.0361328125
9 0.869140625 0.47802734375 0.041015625 0.0341796875
2 0.38037109375 0.6357421875 0.0244140625 0.03515625
3 0.5390625 0.43310546875 0.015625 0.0224609375
9 0.255859375 0.6201171875 0.0234375 0.056640625
8 0.248046875 0.46875 0.013671875 0.0234375
7 0.47900390625 0.4560546875 0.0185546875 0.02734375
3 0.140625 0.49169921875 0.015625 0.0283203125
4 0.234375 0.640625 0.021484375 0.04296875
4 0.58935546875 0.583984375 0.0263671875 0.037109375
5 0.0908203125 0.76123046875 0.05859375 0.0654296875
0 0.16650390625 0.7666015625 0.0283203125 0.05078125
3 0.36669921875 0.4794921875 0.0166015625 0.02734375
