0 0.408203125 0.50244140625 0.0234375 0.0361328125
6 0.4931640625 0.5439453125 0.05078125 0.04296875
8 0.37353515625 0.50146484375 0.0302734375 0.0361328125
6 0.626953125 0.44189453125 0.041015625 0.0322265625
2 0.47119140625 0.6591796875 0.0400390625 0.048828125
3 0.5859375 0.5244140625 0.033203125 0.044921875
0 0.7763671875 0.4482421875 0.0234375 0.03125
3 0.62744140625 0.669921875 0.0478515625 0.06640625
1 0.55908203125 0.40478515625 0.0224609375 0.0263671875
3 0.541015625 0.541015625 0.033203125 0.046875
1 0.49853515625 0.447265625 0.0244140625 0.03125
2 0.525390625 0.6083984375 0.037109375 0.04296875
7 0.40478515625 0.60693359375 0.0419921875 0.0654296875
0 0.29296875 0.70947265625 0.03515625 0.0576171875
