7 0.01025390625 0.53271484375 0.0185546875 0.0263671875
2 0.3076171875 0.51171875 0.017578125 0.015625
8 0.60986328125 0.53125 0.0341796875 0.025390625
4 0.796875 0.52587890625 0.029296875 0.0263671875
0 0.48828125 0.5634765625 0.0234375 0.033203125
7 0.53564453125 0.5849609375 0.0458984375 0.04296875
2 0.7822265625 0.55029296875 0.033203125 0.0224609375
3 0.72021484375 0.51318359375 0.0244140625 0.0244140625
5 0.54150390625 0.49072265625 0.0263671875 0.0185546875
3 0.62158203125 0.56005859375 0.0322265625 0.0341796875
0 0.51806640625 0.501953125 0.0146484375 0.01953125
5 0.8076171875 0.525390625 0.0390625 0.02734375
4 0.51708984375 0.5703125 0.0322265625 0.03515625
3 0.2109375 0.517578125 0.017578125 0.0234375
