9 0.6728515625 0.4248046875 0.052734375 0.02734375
5 0.3115234375 0.48583984375 0.033203125 0.0361328125
8 0.35693359375 0.44677734375 0.0185546875 0.0263671875
1 0.1455078125 0.947265625 0.072265625 0.064453125
8 0.13818359375 0.71923828125 0.0517578125 0.0595703125
0 0.3603515625 0.49169921875 0.017578125 0.0302734375
7 0.3974609375 0.5888671875 0.05859375 0.033203125
5 0.60791015625 0.7041015625 0.0556640625 0.068359375
1 0.8623046875 0.61572265625 0.041015625 0.0361328125
9 0.83935546875 0.39990234375 0.0419921875 0.0224609375
