5 0.6953125 0.5390625 0.05078125 0.033203125
2 0.53515625 0.5439453125 0.029296875 0.021484375
6 0.09423828125 0.5458984375 0.0380859375 0.03125
6 0.5458984375 0.5302734375 0.029296875 0.01953125
4 0.98828125 0.5302734375 0.03515625 0.02734375
6 0.21728515625 0.53466796875 0.0263671875 0.0205078125
0 0.369140625 0.5322265625 0.013671875 0.01953125
1 0.6064453125 0.529296875 0.01953125 0.01953125
4 0.43212890625 0.53173828125 0.0185546875 0.0205078125
8 0.6669921875 0.53076171875 0.029296875 0.0224609375
8 0.552734375 0.53515625 0.03125 0.025390625
6 0.2578125 0.5419921875 0.037109375 0.029296875
5 0.60595703125 0.52734375 0.0263671875 0.017578125
