10 0.66748046875 0.53955078125 0.0263671875 0.0224609375
0 0.98095703125 0.54150390625 0.0166015625 0.0283203125
6 0.1357421875 0.5224609375 0.0390625 0.025390625
7 0.07666015625 0.54345703125 0.0478515625 0.0341796875
5 0.28173828125 0.54541015625 0.0458984375 0.0341796875
6 0.22021484375 0.5283203125 0.0400390625 0.02734375
3 0.76904296875 0.5595703125 0.0224609375 0.03515625
5 0.40087890625 0.51123046875 0.0302734375 0.0224609375
1 0.685546875 0.52685546875 0.017578125 0.0244140625
10 0.0908203125 0.56640625 0.068359375 0.03125
9 0.58740234375 0.5283203125 0.0283203125 0.029296875
2 0.662109375 0.53759765625 0.01953125 0.0185546875
4 0.51171875 0.51953125 0.01953125 0.0234375
2 0.70849609375 0.56982421875 0.0244140625 0.0263671875
2 0.650390625 0.537109375 0.01953125 0.01953125
