6 0.4453125 0.5634765625 0.037109375 0.033203125
8 0.91845703125 0.52197265625 0.0302734375 0.0224609375
7 0.9169921875 0.54638671875 0.0390625 0.0322265625
3 0.501953125 0.53955078125 0.017578125 0.0283203125
8 0.6669921875 0.52197265625 0.021484375 0.0224609375
0 0.146484375 0.56201171875 0.01953125 0.0322265625
6 0.515625 0.58251953125 0.044921875 0.0380859375
0 0.25732421875 0.5654296875 0.0185546875 0.033203125
2 0.2314453125 0.55712890625 0.01953125 0.0224609375
0 0.32763671875 0.5166015625 0.0107421875 0.021484375
1 0.35107421875 0.5380859375 0.0146484375 0.025390625
9 0.583984375 0.51220703125 0.01953125 0.0224609375
10 0.6298828125 0.5166015625 0.021484375 0.015625
1 0.50244140625 0.5283203125 0.0166015625 0.0234375
0 0.28076171875 0.548828125 0.0166015625 0.029296875
