6 0.1943359375 0.5263671875 0.044921875 0.03125
4 0.78759765625 0.49951171875 0.0185546875 0.0263671875
10 0.685546875 0.50146484375 0.02734375 0.0244140625
3 0.58984375 0.52783203125 0.025390625 0.0322265625
7 0.92822265625 0.72216796875 0.0380859375 0.0751953125
1 0.4765625 0.4814453125 0.021484375 0.0234375
1 0.47705078125 0.50634765625 0.0244140625 0.0263671875
4 0.60595703125 0.5322265625 0.0244140625 0.03125
7 0.544921875 0.4736328125 0.0234375 0.025390625
4 0.42431640625 0.64794921875 0.0419921875 0.0498046875
3 0.1357421875 0.50390625 0.03125 0.029296875
1 0.55126953125 0.47998046875 0.0205078125 0.0224609375
