4 0.60791015625 0.5205078125 0.0205078125 0.025390625
0 0.51220703125 0.52001953125 0.0166015625 0.0244140625
3 0.40625 0.5205078125 0.015625 0.025390625
9 0.06640625 0.533203125 0.025390625 0.03125
10 0.6884765625 0.58251953125 0.056640625 0.0380859375
10 0.623046875 0.556640625 0.041015625 0.029296875
7 0.359375 0.5244140625 0.017578125 0.02734375
8 0.5986328125 0.517578125 0.0234375 0.0234375
7 0.70703125 0.57763671875 0.048828125 0.0498046875
4 1.00146484375 0.55712890625 0.0439453125 0.0380859375
8 0.86767578125 0.5185546875 0.0341796875 0.025390625
5 0.6435546875 0.541015625 0.04296875 0.033203125
2 0.11767578125 0.55615234375 0.0224609375 0.0244140625
4 0.42333984375 0.5390625 0.0205078125 0.03125
