5 0.75634765625 0.48583984375 0.0439453125 0.0322265625
8 0.5244140625 0.484375 0.025390625 0.029296875
5 0.04931640625 0.759765625 0.1533203125 0.150390625
4 0.58837890625 0.50341796875 0.0283203125 0.0361328125
3 0.01171875 0.62939453125 0.060546875 0.0849609375
2 0.74951171875 0.515625 0.0361328125 0.02734375
5 0.58349609375 0.54296875 0.0634765625 0.052734375
7 0.48486328125 0.5009765625 0.0283203125 0.037109375
5 0.4541015625 0.5029296875 0.04296875 0.037109375
9 0.40771484375 0.4970703125 0.0263671875 0.037109375
