1 0.31689453125 0.63232421875 0.0302734375 0.0517578125
0 0.6357421875 0.47216796875 0.021484375 0.0341796875
6 0.6357421875 0.8759765625 0.091796875 0.08203125
7 0.00439453125 0.5517578125 0.0458984375 0.05859375
7 0.6474609375 0.41943359375 0.025390625 0.0361328125
4 0.4189453125 0.43798828125 0.017578125 0.0322265625
6 0.9560546875 0.677734375 0.083984375 0.05859375
1 0.9658203125 0.4970703125 0.0390625 0.037109375
1 0.57177734375 0.7587890625 0.0419921875 0.06640625
0 0.5087890625 0.38134765625 0.013671875 0.0244140625
2 0.3935546875 0.4970703125 0.01953125 0.03125
4 0.79248046875 0.578125 0.0400390625 0.05078125
