0 0.55615234375 0.48291015625 0.0126953125 0.0205078125
7 0.51708984375 0.490234375 0.0185546875 0.025390625
0 0.259765625 0.57470703125 0.015625 0.0302734375
7 0.55908203125 0.71240234375 0.0361328125 0.0615234375
6 0.14892578125 0.55517578125 0.0322265625 0.0283203125
5 0.7119140625 0.48779296875 0.029296875 0.0244140625
7 0.7939453125 0.73876953125 0.052734375 0.0654296875
8 0.67578125 0.47900390625 0.021484375 0.0205078125
9 0.2666015625 0.5146484375 0.013671875 0.03125
2 0.48876953125 0.4970703125 0.0146484375 0.017578125
3 0.1552734375 0.5048828125 0.015625 0.025390625
4 0.43701171875 0.50927734375 0.0146484375 0.0244140625
3 0.748046875 0.5380859375 0.0234375 0.029296875
7 0.28662109375 0.61279296875 0.0185546875 0.0439453125
