4 0.3505859375 0.53564453125 0.01953125 0.0302734375
4 0.1953125 0.5 0.013671875 0.025390625
2 0.5693359375 0.51806640625 0.021484375 0.0205078125
2 0.95166015625 0.5478515625 0.0263671875 0.03515625
2 0.125 0.59228515625 0.021484375 0.0302734375
4 0.7744140625 0.673828125 0.04296875 0.056640625
4 0.17138671875 0.52490234375 0.0263671875 0.0185546875
9 0.52978515625 0.515625 0.0556640625 0.029296875
4 0.76220703125 0.5751953125 0.0400390625 0.025390625
10 0.73046875 0.48828125 0.033203125 0.017578125
