10 0.57861328125 0.7021484375 0.0576171875 0.0625
7 0.3759765625 0.4609375 0.02734375 0.025390625
7 0.34228515625 0.4609375 0.0283203125 0.025390625
10 0.53662109375 0.6240234375 0.0498046875 0.046875
5 0.4111328125 0.5263671875 0.041015625 0.03515625
2 0.2705078125 0.5546875 0.033203125 0.02734375
7 0.6005859375 0.55859375 0.033203125 0.041015625
4 0.4462890625 0.62744140625 0.037109375 0.0458984375
1 0.8603515625 0.50537109375 0.017578125 0.0263671875
3 0.55078125 0.505859375 0.0234375 0.029296875
10 0.65478515625 0.59375 0.0400390625 0.041015625
8 0.2333984375 0.47705078125 0.033203125 0.0244140625
10 0.4287109375 0.47900390625 0.033203125 0.0224609375
5 0.5869140625 0.623046875 0.052734375 0.05078125
3 0.794921875 0.57861328125 0.025390625 0.0400390625
