8 0.64892578125 0.525390625 0.0283203125 0.052734375
7 0.17431640625 0.62890625 0.0458984375 0.078125
10 0.30615234375 0.53125 0.0595703125 0.01953125
6 0.302734375 0.52392578125 0.02734375 0.0302734375
7 0.76904296875 0.51123046875 0.0322265625 0.0244140625
0 0.919921875 0.56298828125 0.03515625 0.0439453125
8 0.201171875 0.537109375 0.021484375 0.056640625
10 0.06201171875 0.64111328125 0.0400390625 0.0634765625
7 0.3310546875 0.5458984375 0.0546875 0.01953125
10 0.8310546875 0.49462890625 0.017578125 0.0478515625
