3 0.3740234375 0.54248046875 0.017578125 0.0322265625
5 0.79296875 0.66259765625 0.052734375 0.0458984375
4 0.86279296875 0.607421875 0.0302734375 0.03515625
2 0.73046875 0.46630859375 0.0234375 0.0146484375
3 0.62255859375 0.5615234375 0.0244140625 0.033203125
9 0.3544921875 0.5107421875 0.021484375 0.033203125
8 0.3154296875 0.52685546875 0.025390625 0.0419921875
0 0.3427734375 0.56396484375 0.02734375 0.0185546875
8 0.642578125 0.50390625 0.0234375 0.021484375
7 0.13720703125 0.49951171875 0.0126953125 0.0283203125
