6 -0.0068359375 0.5693359375 0.0546875 0.037109375
1 0.3447265625 0.6005859375 0.0234375 0.041015625
0 0.623046875 0.4912109375 0.017578125 0.029296875
6 0.56494140625 0.75390625 0.0615234375 0.056640625
5 0.0234375 0.52392578125 0.046875 0.0380859375
7 0.09814453125 0.541015625 0.0341796875 0.044921875
7 0.642578125 0.4501953125 0.01953125 0.03125
4 0.4423828125 0.46240234375 0.013671875 0.0283203125
6 0.84619140625 0.640625 0.0615234375 0.044921875
6 0.982421875 0.712890625 0.078125 0.052734375
1 0.90185546875 0.513671875 0.0302734375 0.03125
1 0.53125 0.6845703125 0.02734375 0.048828125
0 0.52685546875 0.41796875 0.0126953125 0.021484375
2 0.416015625 0.5068359375 0.015625 0.025390625
4 0.73486328125 0.5703125 0.0283203125 0.041015625
