6 0.50390625 0.6181640625 0.052734375 0.044921875
8 0.9052734375 0.4736328125 0.037109375 0.025390625
7 0.97216796875 0.537109375 0.0517578125 0.041015625
3 0.51171875 0.54296875 0.02734375 0.037109375
8 0.64794921875 0.48486328125 0.0302734375 0.0263671875
0 0.1171875 0.63818359375 0.025390625 0.0439453125
6 0.63671875 0.669921875 0.064453125 0.052734375
0 0.27587890625 0.6416015625 0.0263671875 0.044921875
2 0.21044921875 0.60693359375 0.0244140625 0.0341796875
0 0.24951171875 0.4873046875 0.0166015625 0.025390625
1 0.3271484375 0.54833984375 0.0234375 0.0341796875
9 0.537109375 0.4638671875 0.029296875 0.029296875
10 0.5888671875 0.4677734375 0.03125 0.0234375
1 0.4833984375 0.5107421875 0.0234375 0.029296875
0 0.26513671875 0.58544921875 0.0224609375 0.0380859375
