10 0.59912109375 0.6298828125 0.0615234375 0.052734375
7 0.36962890625 0.49609375 0.0283203125 0.0234375
7 0.33447265625 0.49609375 0.0283203125 0.0234375
10 0.546875 0.58544921875 0.052734375 0.0400390625
5 0.4072265625 0.529296875 0.04296875 0.033203125
2 0.25634765625 0.5458984375 0.0361328125 0.025390625
7 0.61083984375 0.54736328125 0.0341796875 0.0380859375
4 0.44873046875 0.5830078125 0.0400390625 0.046875
1 0.87890625 0.521484375 0.017578125 0.02734375
3 0.5546875 0.51953125 0.0234375 0.029296875
10 0.67236328125 0.56884765625 0.0400390625 0.0341796875
8 0.2197265625 0.50244140625 0.03515625 0.0244140625
10 0.4248046875 0.50732421875 0.03515625 0.0185546875
5 0.60205078125 0.58154296875 0.0576171875 0.0478515625
3 0.8212890625 0.55859375 0.025390625 0.0390625
