3 0.8544921875 0.53564453125 0.037109375 0.0341796875
7 0.1240234375 0.57421875 0.025390625 0.048828125
1 -0.00439453125 0.52783203125 0.0185546875 0.0263671875
7 0.296875 0.65625 0.056640625 0.08984375
0 0.51025390625 0.5234375 0.0185546875 0.02734375
7 0.734375 0.50244140625 0.02734375 0.0205078125
6 0.43359375 0.55810546875 0.05078125 0.0400390625
3 0.89306640625 0.52685546875 0.0341796875 0.0302734375
1 0.408203125 0.51220703125 0.017578125 0.0224609375
2 0.90869140625 0.53564453125 0.0361328125 0.0224609375
7 0.2451171875 0.51708984375 0.017578125 0.0244140625
1 0.060546875 0.6767578125 0.048828125 0.083984375
5 0.40625 0.515625 0.03125 0.025390625
2 0.27197265625 0.55517578125 0.0244140625 0.0263671875
