1 0.27490234375 0.7255859375 0.0419921875 0.0546875
7 0.53173828125 0.38916015625 0.0322265625 0.0341796875
1 0.0673828125 0.83740234375 0.04296875 0.0634765625
6 0.5107421875 0.36083984375 0.033203125 0.0263671875
5 0.8330078125 0.65380859375 0.072265625 0.0654296875
9 0.44775390625 0.3671875 0.0341796875 0.033203125
0 0.91845703125 0.671875 0.0400390625 0.05078125
0 0.4130859375 0.4931640625 0.0234375 0.03515625
1 0.70166015625 0.509765625 0.0380859375 0.037109375
9 0.36962890625 0.7158203125 0.0654296875 0.091796875
7 0.9755859375 0.71923828125 0.087890625 0.0810546875
5 0.7802734375 0.4453125 0.046875 0.0390625
8 0.275390625 0.62744140625 0.04296875 0.0458984375
0 0.1357421875 0.60205078125 0.029296875 0.0439453125
0 0.310546875 0.5234375 0.025390625 0.037109375
