1 0.4150390625 0.59716796875 0.037109375 0.0458984375
0 0.56640625 0.49169921875 0.01953125 0.0302734375
6 0.826171875 0.6806640625 0.087890625 0.06640625
7 0.03857421875 0.58154296875 0.0263671875 0.0537109375
7 0.53662109375 0.46337890625 0.0283203125 0.0283203125
4 0.34814453125 0.486328125 0.0224609375 0.029296875
6 0.9287109375 0.56982421875 0.06640625 0.0458984375
1 0.83203125 0.486328125 0.033203125 0.029296875
1 0.71044921875 0.63525390625 0.0517578125 0.0537109375
0 0.3837890625 0.44921875 0.015625 0.0234375
2 0.37158203125 0.5224609375 0.0263671875 0.02734375
4 0.75927734375 0.53515625 0.0380859375 0.0390625
