10 0.88330078125 0.623046875 0.0615234375 0.044921875
7 0.1953125 0.49951171875 0.013671875 0.0283203125
7 0.15966796875 0.50390625 0.0146484375 0.029296875
10 0.71923828125 0.58837890625 0.0458984375 0.0380859375
5 0.421875 0.54443359375 0.03515625 0.0341796875
2 0.37646484375 0.5927734375 0.0224609375 0.029296875
7 0.6259765625 0.5361328125 0.029296875 0.03515625
4 0.6884765625 0.6044921875 0.03125 0.0390625
1 0.65283203125 0.4697265625 0.0185546875 0.021484375
3 0.46923828125 0.5078125 0.0185546875 0.02734375
10 0.7177734375 0.55126953125 0.041015625 0.0322265625
8 0.09423828125 0.53955078125 0.0205078125 0.0283203125
10 0.28955078125 0.50634765625 0.0166015625 0.0244140625
5 0.75390625 0.578125 0.046875 0.0390625
3 0.7666015625 0.52294921875 0.025390625 0.0302734375
