3 0.77880859375 0.533203125 0.0361328125 0.03515625
9 0.51416015625 0.49755859375 0.0400390625 0.0302734375
5 0.2138671875 0.53076171875 0.041015625 0.0341796875
9 0.2939453125 0.486328125 0.029296875 0.02734375
5 0.93603515625 0.55859375 0.0576171875 0.04296875
5 0.0771484375 0.56640625 0.046875 0.041015625
5 0.8896484375 0.68017578125 0.0859375 0.0712890625
4 0.55126953125 0.49072265625 0.0244140625 0.0244140625
2 0.212890625 0.4970703125 0.01953125 0.017578125
7 0.5419921875 0.544921875 0.04296875 0.0390625
5 0.14013671875 0.556640625 0.0458984375 0.0390625
10 0.54150390625 0.48388671875 0.0361328125 0.0205078125
