3 0.115234375 0.49365234375 0.033203125 0.0322265625
7 0.19677734375 0.7666015625 0.1103515625 0.126953125
0 0.19384765625 0.70654296875 0.0556640625 0.0791015625
4 0.41552734375 0.47998046875 0.0224609375 0.0283203125
9 0.126953125 0.5185546875 0.060546875 0.044921875
5 0.322265625 0.5380859375 0.0546875 0.044921875
4 0.35546875 0.4765625 0.0234375 0.02734375
3 0.240234375 0.48046875 0.02734375 0.029296875
5 0.78125 0.62060546875 0.0625 0.0673828125
7 0.46337890625 0.54150390625 0.0361328125 0.0478515625
6 0.92431640625 0.52001953125 0.0439453125 0.0361328125
0 0.796875 0.5029296875 0.017578125 0.03125
10 0.4404296875 0.7119140625 0.080078125 0.091796875
