10 0.61083984375 0.513671875 0.0498046875 0.025390625
0 0.78515625 0.48193359375 0.01953125 0.0244140625
7 0.208984375 0.65087890625 0.05859375 0.0771484375
5 0.46630859375 0.58837890625 0.0673828125 0.0556640625
6 0.15283203125 0.583984375 0.0595703125 0.048828125
3 0.85546875 0.5185546875 0.0390625 0.03515625
5 0.14208984375 0.52197265625 0.0419921875 0.0341796875
1 0.53857421875 0.498046875 0.0263671875 0.02734375
10 0.501953125 0.67578125 0.09765625 0.072265625
9 0.49560546875 0.51171875 0.0458984375 0.03515625
2 0.58837890625 0.51171875 0.0302734375 0.021484375
4 0.34228515625 0.5126953125 0.0263671875 0.03125
2 0.875 0.53515625 0.04296875 0.02734375
2 0.57666015625 0.5126953125 0.0302734375 0.021484375
