6 0.732421875 0.5029296875 0.0390625 0.037109375
10 0.89306640625 0.5908203125 0.0341796875 0.056640625
6 0.57373046875 0.42626953125 0.0322265625 0.0283203125
2 0.49169921875 0.470703125 0.0224609375 0.02734375
9 0.52294921875 0.5400390625 0.0361328125 0.060546875
4 0.7900390625 0.54638671875 0.0234375 0.0439453125
5 0.5107421875 0.62158203125 0.05859375 0.0615234375
7 0.25439453125 0.779296875 0.0751953125 0.103515625
4 0.1298828125 0.95361328125 0.083984375 0.1044921875
2 0.70751953125 0.61572265625 0.0263671875 0.0439453125
3 0.85009765625 0.45361328125 0.0205078125 0.0341796875
7 0.060546875 0.5947265625 0.064453125 0.064453125
8 0.658203125 0.45751953125 0.01953125 0.0302734375
