1 0.62646484375 0.50048828125 0.0166015625 0.0263671875
4 0.41357421875 0.55517578125 0.0263671875 0.0361328125
5 0.59033203125 0.72021484375 0.0615234375 0.0673828125
9 0.484375 0.55859375 0.033203125 0.046875
8 0.62158203125 0.58203125 0.0244140625 0.037109375
6 0.294921875 0.513671875 0.0390625 0.029296875
7 0.107421875 0.576171875 0.048828125 0.046875
1 0.712890625 0.4716796875 0.013671875 0.0234375
7 0.41455078125 0.45703125 0.0205078125 0.025390625
4 0.5048828125 0.52685546875 0.021484375 0.0322265625
0 0.552734375 0.49462890625 0.015625 0.0263671875
8 0.62548828125 0.47900390625 0.0166015625 0.0244140625
9 0.85693359375 0.63134765625 0.0302734375 0.0634765625
1 0.76318359375 0.63916015625 0.0244140625 0.0439453125
