9 0.66162109375 0.5283203125 0.0556640625 0.03515625
6 0.6220703125 0.52783203125 0.046875 0.0322265625
1 0.2236328125 0.55224609375 0.03125 0.0380859375
10 0.3623046875 0.63525390625 0.080078125 0.0595703125
9 0.25439453125 0.5673828125 0.0498046875 0.048828125
9 0.09912109375 0.576171875 0.0419921875 0.052734375
0 0.71923828125 0.51806640625 0.0224609375 0.0283203125
6 0.40380859375 0.5263671875 0.0419921875 0.03125
6 0.876953125 0.556640625 0.06640625 0.044921875
2 0.73486328125 0.59033203125 0.0556640625 0.0380859375
1 0.4599609375 0.49658203125 0.01953125 0.0205078125
2 0.60205078125 0.501953125 0.0224609375 0.015625
9 0.46826171875 0.50830078125 0.0361328125 0.0263671875
0 0.3701171875 0.5009765625 0.015625 0.021484375
10 0.66796875 0.58935546875 0.0859375 0.0439453125
