10 0.43994140625 0.5498046875 0.0439453125 0.041015625
6 0.85205078125 0.81103515625 0.0693359375 0.0712890625
7 0.78466796875 0.47509765625 0.0205078125 0.0341796875
9 0.2587890625 0.41162109375 0.03515625 0.0283203125
4 0.7587890625 0.51611328125 0.021484375 0.0341796875
3 0.7421875 0.8291015625 0.04296875 0.083984375
3 0.693359375 0.6337890625 0.03125 0.052734375
3 0.3388671875 0.4365234375 0.0234375 0.02734375
1 0.8564453125 0.46142578125 0.015625 0.0263671875
2 0.6376953125 0.4619140625 0.01953125 0.021484375
8 0.17236328125 0.69921875 0.0693359375 0.052734375
3 0.69677734375 0.6015625 0.0283203125 0.048828125
2 0.44091796875 0.48779296875 0.0244140625 0.0244140625
