3 0.67919921875 0.4501953125 0.0283203125 0.029296875
3 0.42919921875 0.53125 0.0458984375 0.046875
0 0.69140625 0.4794921875 0.0234375 0.033203125
10 0.66455078125 0.568359375 0.0693359375 0.048828125
4 0.6025390625 0.61083984375 0.0546875 0.0615234375
7 0.37255859375 0.4326171875 0.0380859375 0.029296875
4 0.38916015625 0.45166015625 0.0322265625 0.0302734375
8 0.12890625 0.76416015625 0.134765625 0.0908203125
5 0.4619140625 0.453125 0.04296875 0.033203125
2 -0.00927734375 0.5419921875 0.0576171875 0.037109375
0 0.109375 0.49365234375 0.029296875 0.0380859375
