9 0.65576171875 0.53369140625 0.0478515625 0.0341796875
6 0.61962890625 0.53271484375 0.0439453125 0.0302734375
1 0.228515625 0.54541015625 0.0234375 0.0341796875
10 0.24853515625 0.60302734375 0.0458984375 0.0478515625
9 0.23486328125 0.5556640625 0.0322265625 0.04296875
9 0.09619140625 0.5595703125 0.0244140625 0.04296875
0 0.7275390625 0.52685546875 0.021484375 0.0283203125
6 0.421875 0.52978515625 0.037109375 0.0283203125
6 0.8154296875 0.55615234375 0.0625 0.0419921875
2 0.63525390625 0.5791015625 0.0458984375 0.03515625
1 0.51708984375 0.5087890625 0.0185546875 0.01953125
2 0.6484375 0.5146484375 0.021484375 0.015625
9 0.5068359375 0.51708984375 0.029296875 0.0244140625
0 0.4287109375 0.51123046875 0.013671875 0.0205078125
10 0.57568359375 0.578125 0.0634765625 0.0390625
