4 0.6767578125 0.53564453125 0.021484375 0.0302734375
1 0.1875 0.53076171875 0.021484375 0.0263671875
5 0.12890625 0.5556640625 0.05859375 0.04296875
6 0.728515625 0.5390625 0.041015625 0.03125
5 0.82421875 0.525390625 0.033203125 0.0234375
2 0.29345703125 0.54052734375 0.0205078125 0.0205078125
6 0.75830078125 0.5380859375 0.0419921875 0.03125
0 0.765625 0.5546875 0.02734375 0.041015625
1 0.67333984375 0.55615234375 0.0302734375 0.0419921875
0 0.6943359375 0.529296875 0.015625 0.025390625
8 0.19140625 0.5361328125 0.02734375 0.029296875
8 0.20849609375 0.54931640625 0.0341796875 0.0380859375
10 0.794921875 0.53515625 0.03125 0.01953125
10 0.15087890625 0.53759765625 0.0322265625 0.0205078125
0 0.35498046875 0.529296875 0.0146484375 0.025390625
