2 0.81591796875 0.64404296875 0.0361328125 0.0517578125
5 0.3720703125 0.69970703125 0.0546875 0.0712890625
1 0.8408203125 0.6220703125 0.0390625 0.052734375
1 0.58935546875 0.46044921875 0.0302734375 0.0283203125
10 0.64208984375 0.4677734375 0.0361328125 0.029296875
10 0.357421875 0.43505859375 0.0234375 0.0224609375
6 0.84326171875 0.4892578125 0.0322265625 0.0390625
8 0.2041015625 0.6787109375 0.03125 0.068359375
6 0.21337890625 0.5830078125 0.0419921875 0.046875
6 0.13916015625 0.51171875 0.0341796875 0.037109375
