9 0.765625 0.478515625 0.05859375 0.02734375
7 0.18017578125 0.712890625 0.0478515625 0.068359375
9 0.35791015625 0.49462890625 0.0244140625 0.0419921875
6 0.2119140625 0.56396484375 0.044921875 0.0400390625
4 0.2080078125 0.439453125 0.02734375 0.015625
6 0.94091796875 0.474609375 0.0361328125 0.03125
6 0.48583984375 0.54638671875 0.0341796875 0.0380859375
6 0.3681640625 0.5224609375 0.033203125 0.0390625
0 0.48583984375 0.62255859375 0.0205078125 0.0283203125
10 0.9990234375 0.70068359375 0.09765625 0.0322265625
