0 0.4892578125 0.5146484375 0.017578125 0.02734375
6 0.482421875 0.53662109375 0.0390625 0.0302734375
8 0.478515625 0.51123046875 0.02734375 0.0263671875
6 0.7373046875 0.51708984375 0.03125 0.0283203125
2 0.33251953125 0.568359375 0.0322265625 0.02734375
3 0.5615234375 0.541015625 0.0234375 0.033203125
0 0.8466796875 0.5380859375 0.017578125 0.029296875
3 0.3828125 0.5859375 0.033203125 0.041015625
1 0.755859375 0.4951171875 0.015625 0.0234375
3 0.509765625 0.541015625 0.025390625 0.033203125
1 0.63427734375 0.5048828125 0.0185546875 0.025390625
2 0.41748046875 0.56103515625 0.0283203125 0.0263671875
7 0.3544921875 0.544921875 0.037109375 0.037109375
10 -0.01171875 0.57373046875 0.0703125 0.0361328125
0 0.205078125 0.5595703125 0.025390625 0.033203125
