6 0.61474609375 0.505859375 0.0361328125 0.02734375
10 0.78564453125 0.52783203125 0.0458984375 0.0283203125
6 0.41259765625 0.486328125 0.0283203125 0.0234375
2 0.40673828125 0.51318359375 0.0185546875 0.0205078125
3 0.0703125 0.6005859375 0.02734375 0.046875
9 0.5234375 0.53515625 0.03515625 0.0390625
4 0.6943359375 0.517578125 0.02734375 0.029296875
5 0.609375 0.5634765625 0.048828125 0.041015625
7 0.62109375 0.63525390625 0.05078125 0.0615234375
4 0.712890625 0.69091796875 0.052734375 0.0634765625
2 0.7109375 0.54931640625 0.03125 0.0263671875
3 0.63671875 0.48046875 0.01953125 0.0234375
7 0.24365234375 0.59912109375 0.0263671875 0.0517578125
8 0.5126953125 0.49365234375 0.0234375 0.0244140625
