5 0.90087890625 0.59814453125 0.0439453125 0.0458984375
2 0.23828125 0.5654296875 0.03515625 0.02734375
3 0.7529296875 0.4892578125 0.015625 0.0234375
9 0.18505859375 0.5419921875 0.0537109375 0.0390625
8 0.44140625 0.47900390625 0.0234375 0.0205078125
7 0.64599609375 0.49462890625 0.0205078125 0.0263671875
3 0.3271484375 0.47998046875 0.021484375 0.0224609375
4 0.1435546875 0.54736328125 0.03515625 0.0341796875
4 0.4736328125 0.568359375 0.029296875 0.037109375
5 0.90478515625 0.74169921875 0.0693359375 0.0791015625
3 0.50390625 0.49462890625 0.01953125 0.0244140625
