9 0.69775390625 0.52978515625 0.0673828125 0.0439453125
6 0.6494140625 0.52880859375 0.056640625 0.0400390625
1 0.1494140625 0.55517578125 0.033203125 0.0458984375
10 0.212890625 0.68359375 0.087890625 0.095703125
9 0.1630859375 0.57568359375 0.048828125 0.0634765625
0 0.77001953125 0.5185546875 0.0263671875 0.03515625
6 0.39208984375 0.525390625 0.0478515625 0.037109375
6 0.9716796875 0.56982421875 0.08984375 0.0595703125
2 0.77587890625 0.61572265625 0.0771484375 0.0556640625
1 0.48046875 0.4931640625 0.021484375 0.0234375
2 0.63916015625 0.5 0.0263671875 0.017578125
9 0.48095703125 0.50537109375 0.0400390625 0.0302734375
0 0.37744140625 0.49658203125 0.0166015625 0.0244140625
10 0.6845703125 0.61376953125 0.11328125 0.0634765625
