8 0.64306640625 0.52197265625 0.0263671875 0.0517578125
7 0.24560546875 0.845703125 0.0458984375 0.09375
10 0.3173828125 0.49072265625 0.056640625 0.0244140625
6 0.3134765625 0.47705078125 0.02734375 0.0341796875
7 0.7568359375 0.43798828125 0.03125 0.0283203125
0 0.8837890625 0.6455078125 0.033203125 0.04296875
8 0.22802734375 0.55517578125 0.0224609375 0.0537109375
10 0.1533203125 0.8564453125 0.04296875 0.095703125
7 0.34619140625 0.54052734375 0.0517578125 0.0263671875
10 0.818359375 0.412109375 0.01953125 0.046875
