3 0.740234375 0.53564453125 0.02734375 0.0302734375
9 0.5849609375 0.537109375 0.0234375 0.0234375
5 0.28955078125 0.53857421875 0.0283203125 0.0244140625
9 0.431640625 0.5380859375 0.013671875 0.01953125
5 0.83349609375 0.53466796875 0.0556640625 0.0361328125
5 0.14453125 0.53857421875 0.03515625 0.0263671875
5 0.501953125 0.53515625 0.060546875 0.048828125
4 0.6328125 0.53662109375 0.017578125 0.0224609375
2 0.35791015625 0.5419921875 0.0107421875 0.013671875
7 0.50439453125 0.537109375 0.0224609375 0.029296875
5 0.19775390625 0.53857421875 0.0322265625 0.0263671875
10 0.64794921875 0.54052734375 0.0244140625 0.0146484375
