5 0.78564453125 0.44384765625 0.0361328125 0.0263671875
8 0.3759765625 0.6865234375 0.060546875 0.0625
5 0.63330078125 0.46875 0.0400390625 0.03125
8 0.734375 0.43310546875 0.03125 0.0224609375
10 0.18701171875 0.50439453125 0.0302734375 0.0302734375
6 0.57421875 0.56787109375 0.05859375 0.0458984375
8 0.70849609375 0.5771484375 0.0595703125 0.044921875
7 0.12646484375 0.5498046875 0.0322265625 0.046875
4 0.33642578125 0.5205078125 0.0283203125 0.037109375
7 0.80078125 0.58984375 0.068359375 0.05859375
9 0.35791015625 0.76171875 0.0849609375 0.115234375
8 0.4462890625 0.45361328125 0.02734375 0.0244140625
