5 0.92431640625 0.5087890625 0.0302734375 0.029296875
1 0.7890625 0.5947265625 0.046875 0.03125
6 0.41357421875 0.59765625 0.0673828125 0.056640625
10 0.5166015625 0.48974609375 0.025390625 0.0126953125
4 0.43310546875 0.5234375 0.0244140625 0.033203125
1 0.07470703125 0.56005859375 0.0419921875 0.0244140625
1 0.96826171875 0.62353515625 0.0654296875 0.0556640625
10 0.20263671875 0.5087890625 0.0537109375 0.015625
0 0.33642578125 0.50439453125 0.0205078125 0.0146484375
0 0.51220703125 0.60791015625 0.0361328125 0.0322265625
