7 0.93115234375 0.548828125 0.0478515625 0.037109375
6 0.58642578125 0.47509765625 0.0283203125 0.0205078125
3 0.08447265625 0.51904296875 0.0146484375 0.0283203125
1 0.39404296875 0.52197265625 0.0205078125 0.0263671875
4 0.58837890625 0.4931640625 0.0205078125 0.0234375
9 0.1171875 0.55615234375 0.01953125 0.0400390625
4 0.14697265625 0.61376953125 0.0244140625 0.0419921875
4 0.3408203125 0.51708984375 0.01953125 0.0263671875
3 0.1259765625 0.53857421875 0.017578125 0.0302734375
9 0.291015625 0.61328125 0.03515625 0.0546875
7 0.37353515625 0.5595703125 0.0283203125 0.0390625
5 0.9287109375 0.54296875 0.048828125 0.03515625
7 0.9111328125 0.5830078125 0.0546875 0.044921875
1 0.6845703125 0.50634765625 0.0234375 0.0244140625
