1 0.84814453125 0.48486328125 0.0615234375 0.0517578125
4 0.36181640625 0.50537109375 0.0556640625 0.0556640625
9 0.6884765625 0.60498046875 0.13671875 0.0927734375
6 0.19677734375 0.44287109375 0.0634765625 0.0478515625
10 0.6787109375 0.37548828125 0.0703125 0.0302734375
9 0.3544921875 0.53076171875 0.1015625 0.0732421875
8 0.01611328125 0.61328125 0.0849609375 0.068359375
7 0.375 0.39697265625 0.0546875 0.0419921875
7 0.3115234375 0.47021484375 0.068359375 0.0556640625
3 0.169921875 0.64697265625 0.078125 0.0830078125
10 0.91357421875 0.392578125 0.0849609375 0.033203125
