3 0.83154296875 0.55322265625 0.0400390625 0.0517578125
6 0.642578125 0.54296875 0.046875 0.041015625
7 0.75830078125 0.52587890625 0.0205078125 0.0263671875
0 0.16748046875 0.53515625 0.0244140625 0.03515625
5 0.453125 0.52294921875 0.02734375 0.0224609375
2 0.6796875 0.591796875 0.048828125 0.0546875
6 0.02880859375 0.5517578125 0.0791015625 0.05078125
10 0.34228515625 0.5263671875 0.0224609375 0.015625
1 0.05126953125 0.52734375 0.0283203125 0.02734375
8 0.24853515625 0.52685546875 0.0263671875 0.0263671875
10 0.37255859375 0.5341796875 0.0263671875 0.021484375
4 0.59765625 0.5234375 0.013671875 0.0234375
