3 0.84619140625 0.568359375 0.0400390625 0.041015625
6 0.66015625 0.546875 0.046875 0.03515625
7 0.55712890625 0.4482421875 0.0263671875 0.025390625
0 0.22998046875 0.57470703125 0.0224609375 0.0361328125
5 0.28955078125 0.46337890625 0.0302734375 0.0263671875
2 0.9541015625 0.67919921875 0.0546875 0.0439453125
6 0.3583984375 0.6796875 0.060546875 0.052734375
10 0.18212890625 0.4775390625 0.0224609375 0.0234375
8 0.15478515625 0.5126953125 0.0224609375 0.02734375
10 0.318359375 0.5166015625 0.03125 0.029296875
4 0.41845703125 0.453125 0.0185546875 0.0234375
