4 0.390625 0.51904296875 0.025390625 0.0263671875
4 0.4013671875 0.49072265625 0.01953125 0.0205078125
2 0.62255859375 0.53271484375 0.0224609375 0.0205078125
2 0.85400390625 0.599609375 0.0244140625 0.044921875
2 0.146484375 0.52783203125 0.03125 0.0205078125
4 0.2353515625 0.62890625 0.044921875 0.0546875
4 0.33544921875 0.501953125 0.0263671875 0.013671875
9 0.58544921875 0.5263671875 0.0576171875 0.029296875
4 0.5810546875 0.58935546875 0.041015625 0.0263671875
10 0.9111328125 0.53515625 0.021484375 0.021484375
