6 0.68896484375 0.484375 0.0322265625 0.02734375
2 0.18115234375 0.54638671875 0.0166015625 0.0244140625
10 0.71484375 0.45361328125 0.029296875 0.0185546875
4 0.66845703125 0.671875 0.0498046875 0.044921875
1 0.65283203125 0.45947265625 0.0185546875 0.0205078125
4 0.31591796875 0.76416015625 0.0576171875 0.0556640625
10 0.1025390625 0.54345703125 0.025390625 0.0654296875
10 0.47314453125 0.78515625 0.0595703125 0.07421875
4 0.50927734375 0.484375 0.0244140625 0.015625
6 0.4736328125 0.5126953125 0.03125 0.03125
