0 0.5546875 0.44091796875 0.013671875 0.0205078125
1 0.2724609375 0.50146484375 0.01953125 0.0263671875
5 0.71337890625 0.48974609375 0.0361328125 0.0302734375
5 0.11865234375 0.48583984375 0.0302734375 0.0283203125
10 0.55322265625 0.47607421875 0.0322265625 0.0244140625
8 0.3095703125 0.4521484375 0.01953125 0.021484375
3 0.86865234375 0.52783203125 0.0322265625 0.0322265625
1 0.43017578125 0.6982421875 0.0341796875 0.04296875
3 0.7861328125 0.62744140625 0.0390625 0.0439453125
7 0.43017578125 0.67822265625 0.0419921875 0.0576171875
6 0.11181640625 0.5244140625 0.0322265625 0.029296875
8 0.91943359375 0.556640625 0.0478515625 0.03125
8 0.5361328125 0.57861328125 0.03515625 0.0322265625
3 0.51708984375 0.5771484375 0.0283203125 0.037109375
0 0.67822265625 0.6728515625 0.0283203125 0.041015625
