2 0.0009765625 0.4853515625 0.04296875 0.029296875
8 0.6611328125 0.4951171875 0.072265625 0.044921875
4 0.8857421875 0.45458984375 0.046875 0.0400390625
0 0.71875 0.64208984375 0.046875 0.0732421875
7 1.02294921875 0.73095703125 0.1552734375 0.1123046875
2 1.01513671875 0.51708984375 0.0595703125 0.0380859375
3 0.70703125 0.43408203125 0.041015625 0.0361328125
5 0.328125 0.40087890625 0.041015625 0.0302734375
3 0.91064453125 0.5888671875 0.0751953125 0.068359375
0 0.34912109375 0.43017578125 0.0244140625 0.0322265625
5 0.896484375 0.45263671875 0.052734375 0.0439453125
4 0.8251953125 0.66064453125 0.0859375 0.0810546875
