5 0.55322265625 0.56201171875 0.0478515625 0.0419921875
2 0.42724609375 0.55712890625 0.0185546875 0.0244140625
6 0.025390625 0.54541015625 0.044921875 0.0302734375
6 0.61572265625 0.52880859375 0.0283203125 0.0224609375
1 0.0205078125 0.53466796875 0.0234375 0.0244140625
6 0.28759765625 0.52685546875 0.0244140625 0.0205078125
0 0.4345703125 0.52685546875 0.01171875 0.0205078125
1 0.6875 0.52880859375 0.017578125 0.0224609375
4 0.48583984375 0.52880859375 0.0126953125 0.0224609375
8 0.70947265625 0.53662109375 0.0244140625 0.0263671875
8 0.5224609375 0.54296875 0.01953125 0.029296875
6 0.1875 0.54443359375 0.0390625 0.0302734375
5 0.720703125 0.5244140625 0.02734375 0.01953125
