1 0.84912109375 0.447265625 0.0166015625 0.025390625
5 0.916015625 0.70068359375 0.052734375 0.0615234375
3 0.138671875 0.5595703125 0.0390625 0.041015625
8 0.0849609375 0.5791015625 0.0546875 0.037109375
7 0.15087890625 0.6396484375 0.0595703125 0.05859375
3 0.908203125 0.66748046875 0.02734375 0.0537109375
6 0.26953125 0.60693359375 0.0546875 0.0419921875
1 0.8974609375 0.451171875 0.015625 0.025390625
2 0.29736328125 0.501953125 0.0283203125 0.025390625
2 0.41259765625 0.52685546875 0.0283203125 0.0283203125
2 0.27392578125 0.43603515625 0.0244140625 0.0205078125
2 0.1708984375 0.490234375 0.03125 0.025390625
3 0.3740234375 0.576171875 0.033203125 0.04296875
9 0.57763671875 0.4921875 0.0322265625 0.041015625
