0 0.107421875 0.58837890625 0.025390625 0.0439453125
2 0.376953125 0.52197265625 0.017578125 0.0166015625
7 0.79150390625 0.52490234375 0.0361328125 0.0283203125
0 0.22607421875 0.5234375 0.0146484375 0.0234375
6 0.8271484375 0.568359375 0.060546875 0.041015625
5 0.26708984375 0.51416015625 0.0263671875 0.0224609375
2 0.55517578125 0.56982421875 0.0322265625 0.0283203125
0 0.16064453125 0.5283203125 0.0146484375 0.025390625
6 0.12158203125 0.55322265625 0.0380859375 0.0341796875
8 0.89404296875 0.576171875 0.0615234375 0.04296875
7 0.7470703125 0.501953125 0.025390625 0.01953125
8 0.31005859375 0.5517578125 0.0244140625 0.033203125
3 0.5634765625 0.60302734375 0.04296875 0.0537109375
0 0.57470703125 0.50830078125 0.0146484375 0.0205078125
