9 0.302734375 0.54052734375 0.01953125 0.0322265625
7 0.748046875 0.544921875 0.04296875 0.037109375
2 0.3759765625 0.53271484375 0.015625 0.0166015625
0 0.31298828125 0.5283203125 0.0126953125 0.021484375
0 0.35888671875 0.55078125 0.0224609375 0.037109375
1 0.53271484375 0.55810546875 0.0341796875 0.0439453125
9 0.5048828125 0.54296875 0.033203125 0.03515625
9 0.74951171875 0.5283203125 0.0361328125 0.025390625
5 0.15234375 0.53662109375 0.033203125 0.0283203125
10 0.44921875 0.53076171875 0.01953125 0.0166015625
2 0.9052734375 0.54052734375 0.033203125 0.0205078125
7 0.3369140625 0.53564453125 0.017578125 0.0283203125
9 0.4453125 0.52978515625 0.021484375 0.0244140625
7 0.53564453125 0.53515625 0.0263671875 0.029296875
