1 0.51806640625 0.50634765625 0.0205078125 0.0244140625
4 0.474609375 0.55322265625 0.02734375 0.0341796875
5 0.9130859375 0.603515625 0.06640625 0.048828125
9 0.5390625 0.546875 0.041015625 0.0390625
8 0.67431640625 0.54443359375 0.0380859375 0.0322265625
6 0.2607421875 0.54541015625 0.037109375 0.0322265625
7 0.2431640625 0.603515625 0.03125 0.05078125
1 0.521484375 0.48583984375 0.017578125 0.0205078125
7 0.2314453125 0.5009765625 0.017578125 0.025390625
4 0.4833984375 0.52978515625 0.0234375 0.0302734375
0 0.451171875 0.509765625 0.015625 0.025390625
8 0.4677734375 0.49560546875 0.021484375 0.0224609375
9 0.89892578125 0.54443359375 0.0595703125 0.0400390625
1 0.8603515625 0.55517578125 0.037109375 0.0341796875
