4 0.615234375 0.529296875 0.01953125 0.01953125
4 0.556640625 0.54296875 0.037109375 0.017578125
10 0.35498046875 0.55419921875 0.0478515625 0.0244140625
6 0.14599609375 0.53955078125 0.0341796875 0.0283203125
10 0.72607421875 0.5322265625 0.0439453125 0.01171875
2 0.80078125 0.529296875 0.021484375 0.029296875
4 0.64892578125 0.52783203125 0.0185546875 0.0224609375
9 0.2021484375 0.54638671875 0.033203125 0.0419921875
1 0.54931640625 0.5302734375 0.0263671875 0.021484375
9 0.15478515625 0.54150390625 0.0263671875 0.0126953125
