3 0.7099609375 0.44189453125 0.021484375 0.0244140625
8 0.83251953125 0.62060546875 0.0498046875 0.0361328125
6 0.228515625 0.56591796875 0.037109375 0.0341796875
10 0.38671875 0.4541015625 0.0234375 0.0234375
9 0.8251953125 0.763671875 0.080078125 0.083984375
8 0.7548828125 0.62353515625 0.046875 0.0361328125
10 0.609375 0.49169921875 0.03515625 0.0283203125
2 0.47119140625 0.44921875 0.0185546875 0.017578125
7 0.2578125 0.603515625 0.02734375 0.046875
6 0.49267578125 0.46923828125 0.0302734375 0.0244140625
1 0.65380859375 0.47265625 0.0224609375 0.0234375
6 0.28466796875 0.48876953125 0.0302734375 0.0263671875
6 0.19775390625 0.53857421875 0.0341796875 0.0302734375
8 0.13916015625 0.71435546875 0.0283203125 0.0439453125
0 0.91845703125 0.74609375 0.0361328125 0.046875
