1 0.23974609375 0.595703125 0.0302734375 0.046875
7 0.5693359375 0.48681640625 0.02734375 0.0263671875
1 0.0322265625 0.6279296875 0.03125 0.052734375
6 0.55908203125 0.4765625 0.0302734375 0.021484375
5 0.77099609375 0.58203125 0.0654296875 0.05078125
9 0.4990234375 0.478515625 0.02734375 0.025390625
0 0.849609375 0.58935546875 0.03515625 0.0458984375
0 0.4287109375 0.52099609375 0.01953125 0.0302734375
1 0.69189453125 0.529296875 0.0322265625 0.033203125
9 0.32373046875 0.59423828125 0.0439453125 0.0595703125
7 0.89111328125 0.607421875 0.0732421875 0.060546875
5 0.78759765625 0.5078125 0.0439453125 0.03125
8 0.27001953125 0.5634765625 0.0302734375 0.0390625
0 0.1552734375 0.55322265625 0.021484375 0.0361328125
0 0.32861328125 0.52978515625 0.0205078125 0.0322265625
