2 0.29833984375 0.48193359375 0.0185546875 0.0185546875
8 0.63330078125 0.53466796875 0.0400390625 0.0322265625
4 0.86181640625 0.529296875 0.0361328125 0.033203125
0 0.4677734375 0.60205078125 0.02734375 0.0419921875
7 0.5126953125 0.65625 0.0546875 0.064453125
2 0.84033203125 0.57861328125 0.0419921875 0.0322265625
3 0.77001953125 0.5 0.0302734375 0.029296875
5 0.5712890625 0.44970703125 0.029296875 0.0224609375
3 0.63427734375 0.5986328125 0.0400390625 0.046875
0 0.5390625 0.470703125 0.015625 0.0234375
5 0.87451171875 0.52880859375 0.0498046875 0.0361328125
4 0.49951171875 0.6181640625 0.0380859375 0.046875
3 0.18408203125 0.49267578125 0.0185546875 0.0283203125
