5 0.4775390625 0.68310546875 0.05078125 0.0556640625
2 0.376953125 0.62353515625 0.025390625 0.0341796875
6 0.00439453125 0.560546875 0.0498046875 0.033203125
6 0.64697265625 0.4970703125 0.0283203125 0.025390625
1 0.03369140625 0.501953125 0.0263671875 0.025390625
6 0.3154296875 0.4697265625 0.02734375 0.021484375
0 0.46240234375 0.47802734375 0.0126953125 0.0224609375
1 0.724609375 0.5009765625 0.017578125 0.025390625
4 0.5087890625 0.4921875 0.013671875 0.025390625
8 0.72705078125 0.54541015625 0.0224609375 0.0302734375
8 0.5068359375 0.57177734375 0.01953125 0.0341796875
6 0.16259765625 0.5625 0.0458984375 0.033203125
5 0.7744140625 0.4755859375 0.029296875 0.025390625
