6 0.2490234375 0.53857421875 0.03515625 0.0302734375
4 0.5732421875 0.53369140625 0.017578125 0.0185546875
10 0.5146484375 0.537109375 0.0234375 0.013671875
10 0.38818359375 0.5478515625 0.0439453125 0.03125
3 0.53955078125 0.5341796875 0.0205078125 0.0234375
1 0.32373046875 0.5361328125 0.0146484375 0.021484375
1 0.404296875 0.53564453125 0.017578125 0.0224609375
4 0.55908203125 0.5341796875 0.0205078125 0.0234375
7 0.3515625 0.53564453125 0.015625 0.0205078125
4 0.744140625 0.5341796875 0.033203125 0.033203125
8 0.55712890625 0.53857421875 0.0498046875 0.0478515625
3 0.1064453125 0.5400390625 0.017578125 0.029296875
10 0.83447265625 0.53466796875 0.0380859375 0.0146484375
1 0.37548828125 0.53564453125 0.0146484375 0.0205078125
