4 0.64111328125 0.4326171875 0.0302734375 0.041015625
0 0.509765625 0.42431640625 0.021484375 0.0361328125
3 0.3642578125 0.42333984375 0.0234375 0.0419921875
10 0.84423828125 0.88037109375 0.1142578125 0.1376953125
10 0.69970703125 0.66162109375 0.0732421875 0.0869140625
7 0.29931640625 0.4501953125 0.0263671875 0.052734375
8 0.625 0.41162109375 0.03515625 0.0361328125
7 0.8798828125 0.88671875 0.103515625 0.1328125
8 0.990234375 0.4248046875 0.0546875 0.037109375
5 0.716796875 0.57421875 0.068359375 0.064453125
4 0.39404296875 0.55908203125 0.0322265625 0.0537109375
