2 0.2900390625 0.6005859375 0.03125 0.041015625
10 0.392578125 0.52197265625 0.017578125 0.0244140625
6 0.6552734375 0.51904296875 0.0390625 0.0302734375
6 0.70751953125 0.4970703125 0.0322265625 0.0234375
5 0.13037109375 0.6044921875 0.0732421875 0.0625
2 0.46826171875 0.50146484375 0.0146484375 0.0166015625
2 0.38525390625 0.5703125 0.0244140625 0.033203125
3 0.6025390625 0.5244140625 0.0234375 0.033203125
5 0.6318359375 0.509765625 0.03515625 0.02734375
2 0.75634765625 0.498046875 0.0205078125 0.015625
4 0.14111328125 0.595703125 0.0400390625 0.056640625
