6 0.697265625 0.50341796875 0.03515625 0.0322265625
10 0.84912109375 0.56884765625 0.0341796875 0.0458984375
6 0.53759765625 0.44384765625 0.0283203125 0.0263671875
2 0.47412109375 0.4833984375 0.0185546875 0.0234375
9 0.52197265625 0.5390625 0.0263671875 0.05078125
4 0.75537109375 0.53662109375 0.0224609375 0.0380859375
5 0.53271484375 0.60302734375 0.0478515625 0.0517578125
7 0.35400390625 0.7294921875 0.0498046875 0.083984375
4 0.296875 0.85498046875 0.0546875 0.0830078125
2 0.69873046875 0.59375 0.0224609375 0.037109375
3 0.78955078125 0.46142578125 0.0185546875 0.0302734375
7 0.11962890625 0.59716796875 0.0517578125 0.0576171875
8 0.62158203125 0.46826171875 0.0146484375 0.0283203125
