1 0.13427734375 0.67919921875 0.0517578125 0.0498046875
6 0.84423828125 0.45947265625 0.0341796875 0.0322265625
1 0.93896484375 0.61865234375 0.0283203125 0.0439453125
5 0.5400390625 0.3837890625 0.03125 0.029296875
7 0.8603515625 0.40869140625 0.015625 0.0341796875
0 0.0517578125 0.51220703125 0.029296875 0.0361328125
10 0.33740234375 0.71337890625 0.0654296875 0.0791015625
7 0.55078125 0.4599609375 0.02734375 0.041015625
5 0.25341796875 0.7763671875 0.0791015625 0.080078125
2 0.421875 0.75 0.04296875 0.056640625
6 0.89892578125 0.443359375 0.0341796875 0.03125
10 0.73828125 0.443359375 0.021484375 0.03515625
8 0.20458984375 0.5517578125 0.0478515625 0.0390625
