5 0.138671875 0.5390625 0.03125 0.025390625
6 0.232421875 0.5390625 0.06640625 0.05078125
4 0.435546875 0.5361328125 0.052734375 0.05859375
1 0.712890625 0.5302734375 0.03125 0.029296875
4 0.4453125 0.5341796875 0.0234375 0.025390625
0 0.8740234375 0.52783203125 0.025390625 0.0302734375
9 0.52197265625 0.53369140625 0.0458984375 0.0322265625
6 0.41064453125 0.53466796875 0.0322265625 0.0224609375
10 0.7470703125 0.533203125 0.041015625 0.015625
9 0.4248046875 0.5341796875 0.03515625 0.02734375
8 0.2548828125 0.537109375 0.025390625 0.02734375
7 0.53564453125 0.5322265625 0.0263671875 0.021484375
7 0.4453125 0.5341796875 0.02734375 0.025390625
3 0.2939453125 0.537109375 0.0234375 0.029296875
10 0.88427734375 0.53173828125 0.0517578125 0.0166015625
