0 0.72021484375 0.4580078125 0.0146484375 0.0234375
1 0.9912109375 0.701171875 0.0625 0.0546875
9 0.130859375 0.50537109375 0.060546875 0.0283203125
5 0.30517578125 0.52490234375 0.0458984375 0.0380859375
5 0.52587890625 0.458984375 0.0322265625 0.02734375
8 0.51953125 0.58203125 0.0390625 0.05078125
3 0.6591796875 0.56103515625 0.0390625 0.0283203125
10 0.83740234375 0.6318359375 0.0341796875 0.048828125
7 0.357421875 0.5078125 0.048828125 0.033203125
7 0.068359375 0.59423828125 0.0625 0.0537109375
