7 0.0029296875 0.61279296875 0.02734375 0.0458984375
5 0.68310546875 0.4609375 0.0283203125 0.0234375
9 0.5390625 0.46435546875 0.0234375 0.0263671875
9 0.69873046875 0.4853515625 0.0322265625 0.029296875
2 0.8837890625 0.6318359375 0.0390625 0.033203125
4 0.63623046875 0.5615234375 0.0263671875 0.033203125
4 0.28369140625 0.49072265625 0.0146484375 0.0244140625
1 0.166015625 0.50634765625 0.013671875 0.0244140625
0 0.35888671875 0.54150390625 0.0166015625 0.0283203125
7 0.3037109375 0.53759765625 0.01953125 0.0341796875
5 0.71240234375 0.55615234375 0.0419921875 0.0361328125
6 0.419921875 0.46875 0.025390625 0.021484375
4 0.8984375 0.66015625 0.04296875 0.044921875
