0 0.52587890625 0.5126953125 0.0146484375 0.021484375
7 0.48876953125 0.5166015625 0.0224609375 0.0234375
0 0.2529296875 0.55810546875 0.01953125 0.0322265625
7 0.67822265625 0.609375 0.0576171875 0.0546875
6 0.11083984375 0.552734375 0.0341796875 0.03125
5 0.6875 0.51123046875 0.03125 0.0224609375
7 0.94970703125 0.61279296875 0.0751953125 0.0576171875
8 0.64501953125 0.50830078125 0.0244140625 0.0205078125
9 0.2275390625 0.5322265625 0.01953125 0.029296875
2 0.46142578125 0.52197265625 0.0185546875 0.0166015625
3 0.09423828125 0.53076171875 0.0146484375 0.0263671875
4 0.4140625 0.52587890625 0.01953125 0.0244140625
3 0.7578125 0.5302734375 0.02734375 0.02734375
7 0.3056640625 0.57421875 0.029296875 0.041015625
