1 0.84228515625 0.47021484375 0.0205078125 0.0263671875
1 0.1103515625 0.68505859375 0.046875 0.0498046875
7 0.13623046875 0.4677734375 0.0322265625 0.033203125
10 0.646484375 0.49951171875 0.015625 0.0322265625
9 0.7041015625 0.48876953125 0.01953125 0.0400390625
1 0.96240234375 0.666015625 0.0400390625 0.046875
9 0.48486328125 0.6396484375 0.0322265625 0.0703125
9 0.44580078125 0.53515625 0.0263671875 0.048828125
0 0.38525390625 0.537109375 0.0205078125 0.033203125
6 0.29638671875 0.4638671875 0.0341796875 0.02734375
7 0.2529296875 0.412109375 0.021484375 0.025390625
0 0.82666015625 0.607421875 0.0263671875 0.041015625
7 0.69482421875 0.666015625 0.0283203125 0.06640625
8 0.9189453125 0.6328125 0.041015625 0.04296875
