6 0.970703125 0.50634765625 0.02734375 0.0322265625
1 0.11181640625 0.52490234375 0.0419921875 0.0205078125
4 0.4658203125 0.49462890625 0.0234375 0.0263671875
4 0.70849609375 0.67041015625 0.0380859375 0.0556640625
2 0.392578125 0.51123046875 0.03125 0.0205078125
6 0.38623046875 0.61669921875 0.0556640625 0.0556640625
1 0.36572265625 0.4853515625 0.0302734375 0.015625
9 0.81787109375 0.5361328125 0.0244140625 0.072265625
9 0.27587890625 0.60546875 0.0830078125 0.05078125
3 0.4755859375 0.5244140625 0.02734375 0.03125
