4 0.37060546875 0.64599609375 0.0302734375 0.0537109375
9 0.31298828125 0.5029296875 0.0283203125 0.044921875
0 0.33349609375 0.548828125 0.0224609375 0.037109375
6 0.98486328125 0.61865234375 0.0673828125 0.0458984375
9 0.7333984375 0.5146484375 0.03125 0.046875
7 0.296875 0.5771484375 0.033203125 0.0546875
9 0.54833984375 0.62939453125 0.0263671875 0.0732421875
0 0.513671875 0.48779296875 0.015625 0.0302734375
0 0.62109375 0.55517578125 0.021484375 0.0380859375
9 0.9287109375 0.44189453125 0.033203125 0.0322265625
8 0.3388671875 0.4248046875 0.017578125 0.0234375
7 0.3232421875 0.46240234375 0.021484375 0.0341796875
