3 0.84765625 0.57470703125 0.041015625 0.0439453125
6 0.65625 0.55126953125 0.046875 0.0361328125
7 0.623046875 0.478515625 0.0234375 0.025390625
0 0.20068359375 0.5537109375 0.0185546875 0.03515625
5 0.34619140625 0.48193359375 0.0263671875 0.0244140625
2 0.89306640625 0.67041015625 0.0576171875 0.0478515625
6 0.2392578125 0.63232421875 0.052734375 0.0517578125
10 0.23779296875 0.48974609375 0.0146484375 0.0205078125
8 0.18359375 0.51025390625 0.015625 0.0263671875
10 0.333984375 0.51953125 0.021484375 0.025390625
4 0.47900390625 0.47802734375 0.0166015625 0.0224609375
