3 -0.00146484375 0.53759765625 0.0302734375 0.0341796875
4 0.8427734375 0.5263671875 0.025390625 0.025390625
7 0.71142578125 0.576171875 0.0830078125 0.0859375
0 0.5908203125 0.5673828125 0.044921875 0.0703125
4 0.29541015625 0.5302734375 0.0166015625 0.02734375
9 0.080078125 0.54150390625 0.041015625 0.0400390625
5 0.337890625 0.54052734375 0.04296875 0.0400390625
4 0.22412109375 0.5302734375 0.0185546875 0.02734375
3 0.11181640625 0.533203125 0.0224609375 0.029296875
5 0.8740234375 0.5439453125 0.0703125 0.046875
7 0.478515625 0.5390625 0.02734375 0.0390625
6 0.79736328125 0.52880859375 0.0419921875 0.0283203125
0 0.67724609375 0.5283203125 0.0185546875 0.02734375
10 0.7763671875 0.57177734375 0.0859375 0.0498046875
