1 0.93408203125 0.544921875 0.0380859375 0.048828125
1 0.21337890625 0.48046875 0.0361328125 0.0390625
5 0.43212890625 0.40673828125 0.0341796875 0.0302734375
9 0.91943359375 0.46875 0.0361328125 0.048828125
0 0.791015625 0.43359375 0.01953125 0.03125
0 0.95166015625 0.65771484375 0.0458984375 0.0673828125
10 0.9150390625 0.5625 0.046875 0.05859375
0 0.40576171875 0.7900390625 0.0517578125 0.08984375
10 0.90869140625 0.51123046875 0.0400390625 0.0458984375
10 0.20556640625 0.46337890625 0.0478515625 0.0361328125
6 0.400390625 0.85107421875 0.115234375 0.1044921875
