5 0.716796875 0.52685546875 0.03125 0.0205078125
9 0.55517578125 0.5283203125 0.0244140625 0.021484375
9 0.73291015625 0.529296875 0.0361328125 0.025390625
2 0.95703125 0.55078125 0.05078125 0.029296875
4 0.65283203125 0.5380859375 0.0302734375 0.033203125
4 0.26611328125 0.533203125 0.0146484375 0.0234375
1 0.13134765625 0.53515625 0.0166015625 0.025390625
0 0.3330078125 0.53759765625 0.017578125 0.0302734375
7 0.27197265625 0.5380859375 0.0185546875 0.029296875
5 0.744140625 0.537109375 0.048828125 0.033203125
6 0.4228515625 0.529296875 0.02734375 0.021484375
4 0.9794921875 0.5478515625 0.056640625 0.048828125
