7 0.06298828125 0.5869140625 0.0595703125 0.041015625
3 0.0283203125 0.65478515625 0.072265625 0.0498046875
10 0.35791015625 0.5537109375 0.0302734375 0.041015625
8 0.8818359375 0.49365234375 0.0546875 0.0322265625
1 0.42431640625 0.5078125 0.0380859375 0.033203125
0 0.5908203125 0.591796875 0.033203125 0.052734375
3 0.521484375 0.53271484375 0.029296875 0.0419921875
2 0.9228515625 0.4755859375 0.033203125 0.015625
10 0.45654296875 0.4765625 0.0244140625 0.0234375
3 0.07373046875 0.7470703125 0.0576171875 0.107421875
