4 0.658203125 0.54443359375 0.021484375 0.0302734375
1 0.30419921875 0.49853515625 0.0224609375 0.0224609375
5 0.12255859375 0.55908203125 0.0498046875 0.0361328125
6 0.68212890625 0.5576171875 0.0380859375 0.033203125
5 0.90234375 0.5224609375 0.029296875 0.02734375
2 0.34619140625 0.5224609375 0.0244140625 0.01953125
6 0.71533203125 0.55810546875 0.0380859375 0.0322265625
0 0.58056640625 0.60498046875 0.0244140625 0.0400390625
1 0.49755859375 0.6005859375 0.0322265625 0.0390625
0 0.72900390625 0.52685546875 0.0166015625 0.0263671875
8 0.27490234375 0.51416015625 0.0322265625 0.0244140625
8 0.20947265625 0.5498046875 0.0419921875 0.03125
10 0.81982421875 0.54150390625 0.0185546875 0.0263671875
10 0.26171875 0.50732421875 0.037109375 0.0205078125
0 0.4345703125 0.5048828125 0.015625 0.0234375
