7 0.23095703125 0.52197265625 0.0126953125 0.0224609375
3 0.19287109375 0.56396484375 0.0263671875 0.0439453125
4 0.14599609375 0.53466796875 0.0185546875 0.0283203125
9 0.22216796875 0.572265625 0.0283203125 0.052734375
5 0.9990234375 0.52783203125 0.044921875 0.0283203125
5 0.31787109375 0.52294921875 0.0263671875 0.0224609375
10 0.32763671875 0.53564453125 0.0185546875 0.0205078125
9 0.95751953125 0.53564453125 0.0556640625 0.0341796875
0 0.349609375 0.568359375 0.025390625 0.044921875
4 0.263671875 0.53515625 0.015625 0.029296875
4 0.42236328125 0.572265625 0.0322265625 0.048828125
4 0.71923828125 0.52685546875 0.0244140625 0.0263671875
2 0.7109375 0.5185546875 0.01953125 0.013671875
5 0.4775390625 0.5478515625 0.044921875 0.037109375
