6 0.2861328125 0.6259765625 0.060546875 0.046875
3 0.48095703125 0.546875 0.0283203125 0.04296875
8 0.79345703125 0.5146484375 0.0205078125 0.033203125
0 0.0341796875 0.548828125 0.029296875 0.037109375
6 0.24267578125 0.72412109375 0.0732421875 0.0576171875
0 0.0986328125 0.58642578125 0.03125 0.0400390625
2 0.150390625 0.5400390625 0.037109375 0.03125
0 0.43115234375 0.427734375 0.0166015625 0.025390625
1 0.33935546875 0.5078125 0.0302734375 0.033203125
9 0.73681640625 0.4580078125 0.0224609375 0.0390625
10 0.78955078125 0.47509765625 0.0205078125 0.0322265625
1 0.55029296875 0.50341796875 0.0244140625 0.0322265625
0 0.21337890625 0.53125 0.0263671875 0.03515625
