9 0.88916015625 0.53173828125 0.0458984375 0.0400390625
10 0.736328125 0.5478515625 0.0390625 0.033203125
3 0.27783203125 0.50439453125 0.0166015625 0.0283203125
5 0.14208984375 0.51416015625 0.0361328125 0.0302734375
8 0.41650390625 0.62646484375 0.0244140625 0.0439453125
3 0.02490234375 0.595703125 0.0341796875 0.044921875
5 0.70263671875 0.47509765625 0.0302734375 0.0244140625
7 0.810546875 0.521484375 0.033203125 0.03515625
0 0.70068359375 0.46240234375 0.0146484375 0.0205078125
7 0.580078125 0.51123046875 0.0234375 0.0322265625
9 0.9541015625 0.5537109375 0.0546875 0.044921875
9 0.07666015625 0.48681640625 0.0263671875 0.0302734375
