6 0.69580078125 0.517578125 0.0322265625 0.0234375
2 0.18994140625 0.54296875 0.0146484375 0.01953125
10 0.72900390625 0.50732421875 0.0283203125 0.0146484375
4 0.63232421875 0.58837890625 0.0478515625 0.0419921875
1 0.66552734375 0.5078125 0.0185546875 0.01953125
4 0.26904296875 0.62158203125 0.0537109375 0.0498046875
10 0.11328125 0.52880859375 0.021484375 0.0615234375
10 0.41748046875 0.63671875 0.0498046875 0.044921875
4 0.52001953125 0.52001953125 0.0244140625 0.0126953125
6 0.47705078125 0.52685546875 0.0302734375 0.0283203125
