3 0.615234375 0.64453125 0.02734375 0.04296875
6 0.55615234375 0.5810546875 0.0380859375 0.033203125
7 0.77685546875 0.48046875 0.0166015625 0.02734375
10 0.74951171875 0.8203125 0.0380859375 0.076171875
0 0.283203125 0.5107421875 0.017578125 0.025390625
5 0.546875 0.44482421875 0.025390625 0.0224609375
2 0.400390625 0.73681640625 0.037109375 0.0419921875
6 0.1572265625 0.5888671875 0.046875 0.033203125
6 0.701171875 0.78759765625 0.0546875 0.0537109375
10 0.4638671875 0.439453125 0.0234375 0.01953125
1 0.2392578125 0.4580078125 0.021484375 0.021484375
8 0.3759765625 0.46044921875 0.0234375 0.0205078125
10 0.44580078125 0.4892578125 0.0283203125 0.025390625
6 0.70556640625 0.71875 0.0478515625 0.046875
4 0.65771484375 0.4580078125 0.0146484375 0.021484375
