0 0.4931640625 0.5068359375 0.017578125 0.02734375
6 0.48095703125 0.53662109375 0.0400390625 0.0322265625
8 0.48388671875 0.50244140625 0.0283203125 0.0263671875
6 0.74658203125 0.5126953125 0.0341796875 0.029296875
2 0.322265625 0.5751953125 0.033203125 0.029296875
3 0.5595703125 0.54296875 0.025390625 0.03515625
0 0.85400390625 0.54248046875 0.0185546875 0.0302734375
3 0.3671875 0.6005859375 0.03515625 0.04296875
1 0.7724609375 0.48291015625 0.017578125 0.0244140625
3 0.50732421875 0.5419921875 0.0263671875 0.03515625
1 0.6435546875 0.49560546875 0.01953125 0.0263671875
2 0.40966796875 0.56689453125 0.0302734375 0.0283203125
7 0.349609375 0.5458984375 0.0390625 0.0390625
10 -0.01513671875 0.57763671875 0.0712890625 0.0400390625
0 0.19775390625 0.56298828125 0.0244140625 0.0341796875
