3 0.97314453125 0.5888671875 0.0419921875 0.041015625
5 0.65380859375 0.47021484375 0.0302734375 0.0244140625
8 0.49072265625 0.4697265625 0.0205078125 0.021484375
5 0.39306640625 0.6865234375 0.0556640625 0.05859375
4 0.54443359375 0.49609375 0.0205078125 0.025390625
1 0.0693359375 0.52099609375 0.017578125 0.0263671875
3 0.2939453125 0.62060546875 0.025390625 0.0439453125
2 0.64990234375 0.505859375 0.0224609375 0.01953125
5 0.5537109375 0.54150390625 0.0390625 0.0341796875
7 0.47314453125 0.49267578125 0.0224609375 0.0283203125
3 0.2509765625 0.66552734375 0.02734375 0.0517578125
5 0.4541015625 0.4970703125 0.03125 0.02734375
9 0.41748046875 0.48828125 0.0224609375 0.029296875
5 0.0087890625 0.74072265625 0.064453125 0.0673828125
