0 0.70849609375 0.4970703125 0.0166015625 0.025390625
1 0.296875 0.50927734375 0.01953125 0.0283203125
5 0.8583984375 0.52880859375 0.05078125 0.0361328125
5 0.1748046875 0.49658203125 0.033203125 0.0263671875
10 0.6591796875 0.51611328125 0.02734375 0.0244140625
8 0.4130859375 0.49169921875 0.013671875 0.0244140625
1 0.091796875 0.62255859375 0.052734375 0.0615234375
3 0.74755859375 0.6201171875 0.0498046875 0.068359375
7 0.12841796875 0.6103515625 0.0556640625 0.0703125
6 0.10693359375 0.51171875 0.0419921875 0.029296875
8 0.47021484375 0.56298828125 0.0244140625 0.0439453125
3 0.439453125 0.560546875 0.0234375 0.046875
0 0.4775390625 0.63818359375 0.03515625 0.0673828125
