6 0.73828125 0.6572265625 0.05859375 0.044921875
4 0.93994140625 0.62353515625 0.0439453125 0.0419921875
7 0.810546875 0.51171875 0.0390625 0.033203125
5 0.04541015625 0.51220703125 0.0302734375 0.0302734375
1 0.79541015625 0.54541015625 0.0322265625 0.0302734375
3 0.16259765625 0.54052734375 0.0205078125 0.0322265625
5 0.4423828125 0.5361328125 0.037109375 0.03515625
1 0.63330078125 0.52783203125 0.0263671875 0.0283203125
1 0.16357421875 0.607421875 0.0224609375 0.03515625
9 0.56591796875 0.45947265625 0.0302734375 0.0283203125
0 0.4736328125 0.5 0.017578125 0.025390625
2 0.6767578125 0.45947265625 0.021484375 0.0166015625
6 0.04443359375 0.5458984375 0.0341796875 0.03125
7 0.236328125 0.52490234375 0.0234375 0.0341796875
