5 0.31298828125 0.5205078125 0.0302734375 0.021484375
1 0.6572265625 0.548828125 0.01953125 0.033203125
4 0.49658203125 0.53173828125 0.0185546875 0.0263671875
0 0.79296875 0.5595703125 0.021484375 0.037109375
9 0.4267578125 0.54443359375 0.033203125 0.0341796875
6 0.5546875 0.5244140625 0.02734375 0.021484375
10 0.88720703125 0.5419921875 0.0244140625 0.021484375
9 0.4609375 0.53271484375 0.02734375 0.0283203125
8 0.33984375 0.52783203125 0.025390625 0.0244140625
7 0.685546875 0.52685546875 0.013671875 0.0244140625
7 0.53564453125 0.529296875 0.0185546875 0.025390625
3 0.322265625 0.53173828125 0.0234375 0.0263671875
10 0.9658203125 0.55615234375 0.033203125 0.0263671875
