6 0.18408203125 0.9423828125 0.1279296875 0.111328125
5 0.2158203125 0.3642578125 0.04296875 0.033203125
1 0.8759765625 0.75048828125 0.041015625 0.0693359375
3 0.2001953125 0.4228515625 0.037109375 0.0390625
5 0.4267578125 0.5107421875 0.056640625 0.0546875
1 0.68896484375 0.59375 0.0361328125 0.052734375
9 0.88037109375 0.44482421875 0.0244140625 0.0517578125
0 0.59912109375 0.47021484375 0.0244140625 0.0400390625
6 0.12353515625 0.39892578125 0.0498046875 0.0341796875
7 0.298828125 0.4248046875 0.04296875 0.044921875
