0 0.4326171875 0.4677734375 0.017578125 0.0234375
4 0.35791015625 0.49365234375 0.0361328125 0.0322265625
10 0.59130859375 0.49365234375 0.0478515625 0.0224609375
7 0.19482421875 0.53662109375 0.0751953125 0.0498046875
7 0.91943359375 0.50634765625 0.0361328125 0.0341796875
9 0.71240234375 0.51953125 0.0556640625 0.041015625
3 0.9892578125 0.51806640625 0.03125 0.0361328125
5 0.98486328125 0.60498046875 0.0869140625 0.0712890625
0 0.60302734375 0.60888671875 0.0458984375 0.0654296875
5 0.55029296875 0.5146484375 0.0537109375 0.0390625
