2 0.4091796875 0.7490234375 0.03515625 0.0546875
1 0.60400390625 0.57177734375 0.0205078125 0.0361328125
1 0.8876953125 0.50537109375 0.0234375 0.0263671875
10 0.3193359375 0.734375 0.048828125 0.076171875
0 0.27392578125 0.49462890625 0.0166015625 0.0263671875
5 0.0732421875 0.541015625 0.046875 0.03515625
3 0.99072265625 0.50390625 0.0263671875 0.029296875
3 0.29052734375 0.4873046875 0.0185546875 0.02734375
6 0.2939453125 0.49951171875 0.033203125 0.0263671875
9 0.45849609375 0.4755859375 0.0146484375 0.029296875
0 0.83837890625 0.478515625 0.0166015625 0.0234375
9 0.30712890625 0.5654296875 0.0322265625 0.048828125
1 0.66748046875 0.595703125 0.0244140625 0.0390625
10 0.8056640625 0.55908203125 0.03515625 0.0361328125
