4 0.30078125 0.4912109375 0.03125 0.046875
8 0.67041015625 0.8037109375 0.0400390625 0.08203125
1 0.03759765625 0.52978515625 0.0458984375 0.0439453125
8 0.5322265625 0.44970703125 0.021484375 0.0380859375
1 0.029296875 0.57421875 0.048828125 0.046875
4 0.6220703125 0.41650390625 0.01953125 0.0400390625
9 0.51171875 0.6982421875 0.03515625 0.109375
0 0.19140625 0.4033203125 0.025390625 0.03515625
7 0.65087890625 0.35107421875 0.0185546875 0.0419921875
2 0.72216796875 0.45556640625 0.0244140625 0.0361328125
