2 0.18603515625 0.68359375 0.0439453125 0.0390625
1 0.52978515625 0.5751953125 0.0263671875 0.03125
1 0.9091796875 0.5439453125 0.017578125 0.02734375
10 0.14990234375 0.66357421875 0.0712890625 0.0498046875
0 0.384765625 0.4765625 0.015625 0.021484375
5 0.193359375 0.50146484375 0.037109375 0.0283203125
3 0.4072265625 0.4716796875 0.01953125 0.0234375
7 0.0537109375 0.55224609375 0.046875 0.0380859375
6 0.39404296875 0.4833984375 0.0302734375 0.0234375
9 0.55810546875 0.47265625 0.0263671875 0.02734375
0 0.91357421875 0.51025390625 0.0146484375 0.0244140625
9 0.31689453125 0.54052734375 0.0439453125 0.0380859375
1 0.54443359375 0.60205078125 0.0283203125 0.0341796875
10 0.72900390625 0.58642578125 0.0302734375 0.0361328125
