2 0.7421875 0.625 0.03515625 0.052734375
5 0.2646484375 0.63330078125 0.05078125 0.0615234375
1 0.78662109375 0.611328125 0.0341796875 0.052734375
1 0.63671875 0.49267578125 0.029296875 0.0263671875
10 0.6884765625 0.5009765625 0.029296875 0.025390625
10 0.4306640625 0.47021484375 0.015625 0.0185546875
6 0.88671875 0.52197265625 0.03515625 0.0380859375
8 0.130859375 0.611328125 0.0390625 0.056640625
6 0.2021484375 0.55322265625 0.04296875 0.0400390625
6 0.18408203125 0.5068359375 0.0361328125 0.03125
