0 0.69970703125 0.48095703125 0.0166015625 0.0263671875
7 0.63818359375 0.4814453125 0.0244140625 0.033203125
0 0.21142578125 0.52392578125 0.0224609375 0.0302734375
7 0.08154296875 0.75732421875 0.0751953125 0.0751953125
6 0.18798828125 0.48291015625 0.0400390625 0.0283203125
5 0.873046875 0.52392578125 0.03515625 0.0361328125
7 0.18896484375 0.890625 0.0849609375 0.099609375
8 0.8583984375 0.50439453125 0.01953125 0.0283203125
9 0.35498046875 0.46142578125 0.0361328125 0.0341796875
2 0.59912109375 0.4833984375 0.0205078125 0.021484375
3 0.29736328125 0.43310546875 0.0224609375 0.0244140625
4 0.51025390625 0.48779296875 0.0224609375 0.0283203125
10 0.98193359375 0.9482421875 0.0380859375 0.11328125
3 0.75732421875 0.60546875 0.0263671875 0.04296875
7 0.14208984375 0.5693359375 0.0498046875 0.044921875
