6 0.54931640625 0.572265625 0.0458984375 0.041015625
4 0.81591796875 0.5732421875 0.0341796875 0.04296875
7 0.84765625 0.54150390625 0.03125 0.0302734375
5 0.1669921875 0.5224609375 0.029296875 0.021484375
1 0.779296875 0.548828125 0.025390625 0.03125
3 0.21630859375 0.53076171875 0.0185546875 0.0244140625
5 0.443359375 0.5361328125 0.029296875 0.02734375
1 0.94287109375 0.58447265625 0.0439453125 0.0458984375
1 0.63427734375 0.53955078125 0.0185546875 0.0283203125
1 0.13916015625 0.54345703125 0.0244140625 0.0283203125
9 0.6669921875 0.5224609375 0.01953125 0.0234375
0 0.52099609375 0.529296875 0.0126953125 0.0234375
2 0.787109375 0.52783203125 0.017578125 0.0146484375
6 0.12890625 0.529296875 0.033203125 0.0234375
7 0.29052734375 0.52880859375 0.0185546875 0.0244140625
