3 0.7587890625 0.62158203125 0.029296875 0.0439453125
6 0.6181640625 0.57177734375 0.037109375 0.0322265625
7 0.68798828125 0.45849609375 0.0185546875 0.0263671875
0 0.2353515625 0.54150390625 0.01953125 0.0302734375
5 0.4306640625 0.44775390625 0.021484375 0.0224609375
2 0.677734375 0.74951171875 0.033203125 0.0478515625
6 0.193359375 0.64501953125 0.05078125 0.0400390625
10 0.333984375 0.451171875 0.015625 0.021484375
1 0.1025390625 0.49365234375 0.021484375 0.0244140625
8 0.26708984375 0.48046875 0.0185546875 0.0234375
10 0.38134765625 0.5 0.0166015625 0.02734375
6 0.92578125 0.67431640625 0.060546875 0.0419921875
4 0.5537109375 0.44921875 0.01171875 0.021484375
