4 0.34033203125 0.537109375 0.0185546875 0.029296875
3 0.10986328125 0.5380859375 0.0341796875 0.0390625
8 0.65966796875 0.53759765625 0.0341796875 0.0400390625
1 0.5078125 0.5400390625 0.0390625 0.068359375
1 0.14306640625 0.537109375 0.0263671875 0.03125
8 0.50830078125 0.53662109375 0.0166015625 0.0263671875
1 0.14892578125 0.5380859375 0.0283203125 0.033203125
4 0.57080078125 0.5361328125 0.0166015625 0.025390625
3 0.150390625 0.53857421875 0.0390625 0.0458984375
9 0.53759765625 0.53759765625 0.0263671875 0.0380859375
9 0.962890625 0.53564453125 0.03515625 0.0224609375
0 0.23291015625 0.537109375 0.0166015625 0.025390625
7 0.58154296875 0.5361328125 0.0166015625 0.021484375
2 0.650390625 0.541015625 0.01953125 0.017578125
