7 0.0546875 0.52685546875 0.0390625 0.0263671875
5 0.87353515625 0.52880859375 0.0263671875 0.0244140625
9 0.70947265625 0.521484375 0.0185546875 0.0234375
9 0.81982421875 0.53564453125 0.0166015625 0.0283203125
2 0.60888671875 0.59033203125 0.0322265625 0.0322265625
4 0.55126953125 0.54931640625 0.0244140625 0.0322265625
4 0.4365234375 0.51513671875 0.017578125 0.0205078125
1 0.330078125 0.513671875 0.01953125 0.01953125
4 0.8955078125 0.60009765625 0.02734375 0.0498046875
0 0.37890625 0.529296875 0.017578125 0.025390625
7 0.35107421875 0.52587890625 0.0283203125 0.0263671875
5 0.6337890625 0.55322265625 0.041015625 0.0341796875
6 0.59228515625 0.5166015625 0.0263671875 0.01953125
4 0.53271484375 0.59326171875 0.0361328125 0.0478515625
