0 0.73193359375 0.56103515625 0.0244140625 0.0205078125
6 0.55908203125 0.63818359375 0.0615234375 0.0537109375
10 0.326171875 0.57958984375 0.083984375 0.0283203125
9 0.54248046875 0.5615234375 0.0263671875 0.044921875
9 0.4970703125 0.50048828125 0.048828125 0.0224609375
1 0.49267578125 0.544921875 0.0185546875 0.037109375
10 0.9111328125 0.50634765625 0.021484375 0.0595703125
0 0.01416015625 0.52685546875 0.0224609375 0.0166015625
4 0.68115234375 0.4931640625 0.0166015625 0.021484375
6 0.162109375 0.5634765625 0.048828125 0.0390625
