1 0.19921875 0.5380859375 0.0390625 0.037109375
6 0.80322265625 0.53466796875 0.0283203125 0.0244140625
10 0.04931640625 0.54541015625 0.0771484375 0.0283203125
1 0.8701171875 0.54296875 0.01953125 0.033203125
5 0.54296875 0.52783203125 0.02734375 0.0205078125
7 0.82177734375 0.5322265625 0.0126953125 0.021484375
0 0.126953125 0.52978515625 0.021484375 0.0283203125
10 0.36572265625 0.5478515625 0.0537109375 0.02734375
7 0.5498046875 0.53173828125 0.0234375 0.0244140625
5 0.2978515625 0.5439453125 0.0625 0.04296875
2 0.43359375 0.55029296875 0.03515625 0.0283203125
6 0.85302734375 0.5341796875 0.0263671875 0.0234375
10 0.71337890625 0.53662109375 0.0185546875 0.0166015625
8 0.2548828125 0.533203125 0.0390625 0.029296875
