7 0.58984375 0.46337890625 0.029296875 0.0146484375
10 0.00732421875 0.560546875 0.0263671875 0.0703125
10 0.5673828125 0.5283203125 0.037109375 0.025390625
9 0.8818359375 0.52490234375 0.05078125 0.0361328125
5 0.466796875 0.68798828125 0.0546875 0.0654296875
10 0.30224609375 0.5 0.0166015625 0.0546875
6 0.63525390625 0.51416015625 0.0263671875 0.0322265625
0 0.37744140625 0.49853515625 0.0166015625 0.0146484375
8 0.64599609375 0.640625 0.0439453125 0.0703125
4 0.51416015625 0.5986328125 0.0302734375 0.0390625
