1 0.6611328125 0.52734375 0.0234375 0.0234375
3 0.595703125 0.56640625 0.0546875 0.060546875
1 0.6845703125 0.54931640625 0.04296875 0.0439453125
0 0.4892578125 0.53466796875 0.01953125 0.0283203125
8 0.29052734375 0.5390625 0.0224609375 0.03125
3 0.12353515625 0.53564453125 0.0146484375 0.0263671875
8 0.57421875 0.533203125 0.03125 0.029296875
5 0.4443359375 0.53173828125 0.03515625 0.0263671875
8 0.5078125 0.54296875 0.037109375 0.037109375
2 0.38720703125 0.541015625 0.0224609375 0.01953125
0 0.708984375 0.52490234375 0.017578125 0.0224609375
2 0.6123046875 0.5302734375 0.021484375 0.015625
0 0.24609375 0.533203125 0.015625 0.025390625
8 0.1171875 0.546875 0.021484375 0.037109375
