3 0.3408203125 0.517578125 0.015625 0.0234375
3 0.47509765625 0.53955078125 0.0263671875 0.0361328125
0 0.8408203125 0.51171875 0.017578125 0.0234375
0 0.43994140625 0.521484375 0.0166015625 0.025390625
5 0.3515625 0.6142578125 0.083984375 0.078125
10 0.64111328125 0.53759765625 0.0419921875 0.0244140625
9 0.8681640625 0.52587890625 0.05078125 0.0322265625
4 0.72607421875 0.53955078125 0.0341796875 0.0361328125
7 0.05029296875 0.52978515625 0.0224609375 0.0302734375
4 0.1533203125 0.53173828125 0.017578125 0.0302734375
8 0.88720703125 0.57275390625 0.0732421875 0.0537109375
5 0.21826171875 0.5283203125 0.0322265625 0.029296875
2 0.2265625 0.578125 0.02734375 0.03515625
0 0.12646484375 0.556640625 0.0244140625 0.041015625
