6 0.7138671875 0.46875 0.03515625 0.03125
2 0.158203125 0.5419921875 0.017578125 0.02734375
10 0.7470703125 0.42578125 0.03125 0.0234375
4 0.66162109375 0.73828125 0.0556640625 0.052734375
1 0.67919921875 0.43359375 0.0205078125 0.0234375
4 0.244140625 0.865234375 0.064453125 0.064453125
10 0.06982421875 0.5439453125 0.0302734375 0.0703125
10 0.41943359375 0.89892578125 0.0595703125 0.1044921875
4 0.52099609375 0.4638671875 0.0263671875 0.017578125
6 0.4755859375 0.50439453125 0.033203125 0.0361328125
