7 0.2294921875 0.4423828125 0.033203125 0.03515625
2 0.138671875 0.79736328125 0.0546875 0.0576171875
8 0.84375 0.4130859375 0.015625 0.025390625
9 0.91357421875 0.466796875 0.0224609375 0.04296875
2 0.44384765625 0.59765625 0.0302734375 0.037109375
0 0.3818359375 0.43603515625 0.017578125 0.0263671875
6 0.67578125 0.40380859375 0.02734375 0.0244140625
2 0.82080078125 0.43212890625 0.0146484375 0.0224609375
5 0.2666015625 0.40966796875 0.03515625 0.0283203125
7 0.20556640625 0.77392578125 0.0654296875 0.0849609375
9 0.14013671875 0.5234375 0.0537109375 0.052734375
1 0.73828125 0.89111328125 0.03515625 0.0634765625
8 0.658203125 0.8876953125 0.041015625 0.078125
