4 0.70849609375 0.533203125 0.0263671875 0.041015625
1 0.14990234375 0.46435546875 0.0283203125 0.0322265625
5 0.03662109375 0.73046875 0.0791015625 0.068359375
6 0.76953125 0.56689453125 0.05078125 0.0400390625
5 0.8896484375 0.42626953125 0.041015625 0.0341796875
2 0.26220703125 0.5234375 0.0263671875 0.033203125
6 0.80517578125 0.56201171875 0.0517578125 0.0400390625
0 0.80322265625 0.74755859375 0.0361328125 0.0537109375
1 0.6884765625 0.76123046875 0.037109375 0.0556640625
0 0.73486328125 0.46728515625 0.0205078125 0.0322265625
8 0.1455078125 0.52197265625 0.037109375 0.0361328125
8 0.142578125 0.6669921875 0.048828125 0.048828125
10 0.8525390625 0.484375 0.037109375 0.04296875
10 0.10400390625 0.49267578125 0.0419921875 0.0439453125
0 0.3408203125 0.45703125 0.01953125 0.03125
