0 0.0380859375 0.513671875 0.015625 0.025390625
4 0.224609375 0.53955078125 0.01953125 0.0322265625
6 0.3818359375 0.64404296875 0.064453125 0.0556640625
10 0.2998046875 0.51123046875 0.021484375 0.0224609375
7 0.4580078125 0.57666015625 0.037109375 0.0458984375
7 0.498046875 0.486328125 0.021484375 0.0234375
9 0.5087890625 0.51025390625 0.03125 0.0302734375
1 0.33154296875 0.6142578125 0.0322265625 0.046875
8 0.1767578125 0.744140625 0.04296875 0.07421875
3 0.56103515625 0.4873046875 0.0185546875 0.0234375
5 0.82177734375 0.51904296875 0.0439453125 0.0302734375
0 0.8076171875 0.54833984375 0.025390625 0.0341796875
5 0.44140625 0.5244140625 0.037109375 0.03125
7 0.7509765625 0.49755859375 0.03125 0.0263671875
