2 0.67724609375 0.74462890625 0.0439453125 0.0478515625
1 0.6298828125 0.56201171875 0.02734375 0.0322265625
1 0.771484375 0.47265625 0.0234375 0.0234375
10 0.591796875 0.744140625 0.05859375 0.068359375
0 0.22998046875 0.50927734375 0.0146484375 0.0263671875
5 0.0986328125 0.5830078125 0.0390625 0.041015625
3 0.84521484375 0.46484375 0.0244140625 0.025390625
3 0.2353515625 0.49951171875 0.015625 0.0283203125
7 0.11669921875 0.6826171875 0.0263671875 0.060546875
6 0.2568359375 0.513671875 0.029296875 0.02734375
9 0.38037109375 0.4716796875 0.0205078125 0.029296875
0 0.70556640625 0.44775390625 0.0146484375 0.0205078125
9 0.37060546875 0.58447265625 0.0302734375 0.0498046875
1 0.705078125 0.57861328125 0.03125 0.0341796875
10 0.7646484375 0.53125 0.04296875 0.03125
