7 0.56494140625 0.50390625 0.0263671875 0.033203125
0 0.72705078125 0.49072265625 0.0185546875 0.0263671875
9 1.00341796875 0.5537109375 0.0654296875 0.046875
5 0.51171875 0.4716796875 0.029296875 0.025390625
1 0.44873046875 0.4912109375 0.0185546875 0.025390625
8 0.7109375 0.45849609375 0.025390625 0.0224609375
9 0.72119140625 0.46240234375 0.0322265625 0.0283203125
5 0.16845703125 0.8388671875 0.0791015625 0.09765625
7 0.82421875 0.60009765625 0.052734375 0.0517578125
10 0.3720703125 0.54443359375 0.025390625 0.0341796875
