5 0.74560546875 0.609375 0.0556640625 0.044921875
2 0.564453125 0.59521484375 0.033203125 0.0283203125
6 0.0791015625 0.61181640625 0.044921875 0.0400390625
6 0.5361328125 0.4970703125 0.03125 0.0234375
6 0.1865234375 0.51123046875 0.029296875 0.0244140625
0 0.349609375 0.50146484375 0.015625 0.0224609375
1 0.5986328125 0.4931640625 0.021484375 0.021484375
4 0.4189453125 0.505859375 0.01953125 0.0234375
8 0.671875 0.5166015625 0.033203125 0.025390625
8 0.56640625 0.55126953125 0.03515625 0.0302734375
6 0.25732421875 0.58837890625 0.0439453125 0.0361328125
5 0.5908203125 0.47509765625 0.02734375 0.0205078125
