9 -0.0029296875 0.53759765625 0.029296875 0.0712890625
2 0.9560546875 0.55712890625 0.029296875 0.0380859375
5 0.95458984375 0.49755859375 0.0458984375 0.0361328125
3 0.689453125 0.52587890625 0.03125 0.0361328125
9 0.6796875 0.6376953125 0.080078125 0.0546875
4 0.51220703125 0.44580078125 0.0244140625 0.0283203125
10 0.00244140625 0.732421875 0.0419921875 0.103515625
6 0.21484375 0.4814453125 0.033203125 0.033203125
4 0.45068359375 0.44140625 0.0205078125 0.025390625
10 0.48876953125 0.68896484375 0.0576171875 0.0615234375
