0 0.70703125 0.54736328125 0.01953125 0.0185546875
6 0.4443359375 0.544921875 0.05859375 0.046875
10 0.3046875 0.54541015625 0.078125 0.0224609375
9 0.5146484375 0.5400390625 0.0234375 0.033203125
9 0.537109375 0.53515625 0.046875 0.021484375
1 0.48291015625 0.537109375 0.0185546875 0.033203125
10 0.927734375 0.5224609375 0.01953125 0.060546875
0 0.08203125 0.54052734375 0.021484375 0.0126953125
4 0.728515625 0.53564453125 0.013671875 0.0205078125
6 0.169921875 0.53857421875 0.046875 0.0322265625
