4 0.64794921875 0.54052734375 0.0185546875 0.0263671875
1 0.30810546875 0.51513671875 0.0205078125 0.0205078125
5 0.158203125 0.54833984375 0.044921875 0.0322265625
6 0.67138671875 0.54736328125 0.0341796875 0.0283203125
5 0.86669921875 0.5283203125 0.0263671875 0.0234375
2 0.35400390625 0.52978515625 0.0224609375 0.0166015625
6 0.701171875 0.5478515625 0.033203125 0.029296875
0 0.5888671875 0.572265625 0.021484375 0.03515625
1 0.51318359375 0.56982421875 0.0263671875 0.0341796875
0 0.70947265625 0.53076171875 0.0146484375 0.0244140625
8 0.28515625 0.52392578125 0.029296875 0.0224609375
8 0.2353515625 0.54345703125 0.037109375 0.0283203125
10 0.79345703125 0.54052734375 0.0166015625 0.0205078125
10 0.27001953125 0.521484375 0.0341796875 0.017578125
0 0.43212890625 0.5185546875 0.0146484375 0.021484375
