6 0.59423828125 0.677734375 0.0908203125 0.083984375
5 0.0537109375 0.49609375 0.04296875 0.029296875
1 0.94580078125 0.5751953125 0.0498046875 0.052734375
3 0.1005859375 0.5166015625 0.03125 0.037109375
5 0.41650390625 0.53369140625 0.0439453125 0.0419921875
1 0.701171875 0.5439453125 0.03125 0.04296875
9 0.724609375 0.49560546875 0.029296875 0.0322265625
0 0.52978515625 0.51318359375 0.0185546875 0.0341796875
2 0.89013671875 0.5048828125 0.0283203125 0.021484375
7 0.2080078125 0.5126953125 0.03125 0.037109375
