0 0.0751953125 0.51806640625 0.015625 0.0244140625
4 0.22607421875 0.5361328125 0.0166015625 0.03125
6 0.28564453125 0.6083984375 0.0576171875 0.0546875
10 0.32568359375 0.51953125 0.0166015625 0.01953125
7 0.42041015625 0.56396484375 0.0302734375 0.0439453125
7 0.53955078125 0.50439453125 0.0205078125 0.0224609375
9 0.5302734375 0.5205078125 0.02734375 0.029296875
1 0.2626953125 0.58740234375 0.025390625 0.0458984375
8 -0.00244140625 0.67236328125 0.0634765625 0.0732421875
3 0.60302734375 0.50537109375 0.0185546875 0.0224609375
5 0.85205078125 0.529296875 0.0458984375 0.03125
0 0.81103515625 0.54931640625 0.0263671875 0.0361328125
5 0.4501953125 0.52880859375 0.03515625 0.0302734375
7 0.7939453125 0.51416015625 0.03125 0.0263671875
