6 0.14794921875 1.01611328125 0.1689453125 0.1767578125
1 0.81689453125 0.533203125 0.0517578125 0.044921875
4 0.4130859375 0.51513671875 0.037109375 0.0419921875
9 0.5703125 0.58056640625 0.0859375 0.0712890625
6 0.34375 0.4775390625 0.044921875 0.03515625
10 0.78662109375 0.46435546875 0.0595703125 0.0263671875
9 0.38916015625 0.52685546875 0.0595703125 0.0537109375
8 0.1328125 0.544921875 0.041015625 0.044921875
7 0.50732421875 0.46142578125 0.0380859375 0.0341796875
7 0.4033203125 0.49560546875 0.04296875 0.0419921875
3 0.19970703125 0.56640625 0.0419921875 0.0546875
10 0.9921875 0.48681640625 0.078125 0.0322265625
