0 0.3857421875 0.5166015625 0.025390625 0.037109375
6 0.49609375 0.53759765625 0.056640625 0.0439453125
8 0.34521484375 0.517578125 0.0400390625 0.037109375
6 0.56787109375 0.4697265625 0.0419921875 0.03125
2 0.5419921875 0.61376953125 0.05078125 0.0439453125
3 0.57861328125 0.5205078125 0.0380859375 0.041015625
0 0.7138671875 0.466796875 0.021484375 0.029296875
3 0.70703125 0.60546875 0.056640625 0.060546875
1 0.48095703125 0.451171875 0.0244140625 0.025390625
3 0.5439453125 0.53271484375 0.0390625 0.0439453125
1 0.44482421875 0.478515625 0.0283203125 0.03125
2 0.5654296875 0.578125 0.046875 0.0390625
7 0.44482421875 0.58203125 0.0576171875 0.05859375
10 0.1494140625 0.8291015625 0.08984375 0.12109375
0 0.38916015625 0.65625 0.0419921875 0.0625
