6 0.068359375 0.541015625 0.05078125 0.03515625
1 0.80078125 0.52685546875 0.029296875 0.0322265625
0 0.6240234375 0.70751953125 0.041015625 0.0712890625
1 0.232421875 0.521484375 0.0234375 0.03125
5 0.35400390625 0.47802734375 0.0263671875 0.0244140625
9 0.76220703125 0.49560546875 0.0302734375 0.0322265625
0 0.6552734375 0.482421875 0.015625 0.0234375
0 0.849609375 0.5673828125 0.029296875 0.041015625
8 0.02490234375 0.53369140625 0.0380859375 0.0341796875
10 0.79345703125 0.53662109375 0.0400390625 0.0322265625
0 0.57763671875 0.62841796875 0.0302734375 0.0537109375
8 0.1767578125 0.6826171875 0.0546875 0.06640625
10 0.77001953125 0.51611328125 0.0341796875 0.0263671875
10 0.20654296875 0.51513671875 0.0283203125 0.0263671875
6 0.5986328125 0.6455078125 0.06640625 0.05859375
