9 0.90234375 0.53759765625 0.044921875 0.0439453125
10 0.73974609375 0.55322265625 0.0361328125 0.0361328125
3 0.28662109375 0.49560546875 0.0166015625 0.0302734375
5 0.15087890625 0.5048828125 0.0361328125 0.03125
8 0.392578125 0.64111328125 0.0234375 0.0439453125
3 0.015625 0.5966796875 0.03515625 0.044921875
5 0.72265625 0.46728515625 0.03125 0.0263671875
7 0.822265625 0.52392578125 0.033203125 0.0380859375
0 0.72412109375 0.4521484375 0.0146484375 0.021484375
7 0.587890625 0.5078125 0.021484375 0.03515625
9 0.96533203125 0.56494140625 0.0537109375 0.0498046875
9 0.0947265625 0.47265625 0.02734375 0.03125
