2 0.17138671875 0.4423828125 0.0283203125 0.025390625
8 0.6748046875 0.5205078125 0.0625 0.044921875
4 0.9501953125 0.49462890625 0.05078125 0.0439453125
0 0.5439453125 0.68408203125 0.04296875 0.0654296875
7 0.6962890625 0.8193359375 0.115234375 0.12109375
2 0.99951171875 0.58740234375 0.0634765625 0.0458984375
3 0.798828125 0.4482421875 0.041015625 0.0390625
5 0.49658203125 0.37353515625 0.0361328125 0.0283203125
3 0.77734375 0.65673828125 0.068359375 0.0732421875
0 0.48046875 0.41064453125 0.021484375 0.0302734375
5 0.96533203125 0.49267578125 0.0634765625 0.0498046875
4 0.61279296875 0.72021484375 0.0693359375 0.0771484375
3 0.017578125 0.47314453125 0.03125 0.0400390625
