2 0.76318359375 0.55126953125 0.0283203125 0.0400390625
5 0.38916015625 0.56396484375 0.0458984375 0.0458984375
1 0.787109375 0.546875 0.03125 0.0390625
1 0.57763671875 0.52099609375 0.0263671875 0.0224609375
10 0.625 0.52490234375 0.03125 0.0166015625
10 0.37060546875 0.52099609375 0.0205078125 0.0126953125
6 0.80029296875 0.52392578125 0.0263671875 0.0283203125
8 0.248046875 0.5634765625 0.025390625 0.041015625
6 0.24951171875 0.54638671875 0.0361328125 0.0322265625
6 0.1806640625 0.5341796875 0.029296875 0.02734375
