8 0.76806640625 0.46435546875 0.0576171875 0.0380859375
10 0.02978515625 0.48046875 0.0478515625 0.04296875
2 0.60498046875 0.40576171875 0.0341796875 0.0283203125
4 0.27197265625 0.361328125 0.0283203125 0.03125
8 0.96923828125 0.455078125 0.0634765625 0.037109375
0 0.3134765625 0.69580078125 0.0390625 0.0537109375
9 0.3251953125 0.91748046875 0.107421875 0.1279296875
10 0.9921875 0.43212890625 0.076171875 0.0400390625
10 0.65625 0.33447265625 0.05078125 0.0283203125
10 0.35888671875 0.47900390625 0.0576171875 0.0439453125
5 0.9130859375 0.892578125 0.099609375 0.10546875
