6 0.18994140625 0.5126953125 0.0400390625 0.02734375
1 0.78271484375 0.54833984375 0.0185546875 0.0322265625
0 0.29345703125 0.671875 0.0361328125 0.052734375
1 0.328125 0.50537109375 0.0234375 0.0263671875
5 0.49755859375 0.47216796875 0.0263671875 0.0224609375
9 0.82421875 0.51416015625 0.015625 0.0322265625
0 0.7529296875 0.49365234375 0.013671875 0.0224609375
0 0.72607421875 0.58935546875 0.0224609375 0.0380859375
8 0.1748046875 0.50439453125 0.03515625 0.0263671875
10 0.76171875 0.55712890625 0.021484375 0.0322265625
0 0.38818359375 0.6142578125 0.0283203125 0.04296875
8 0.07958984375 0.61962890625 0.0634765625 0.0439453125
10 0.79052734375 0.53515625 0.0185546875 0.02734375
10 0.32568359375 0.498046875 0.0341796875 0.021484375
6 0.37939453125 0.62841796875 0.0595703125 0.0478515625
