3 0.9384765625 0.5322265625 0.05078125 0.05078125
7 0.060546875 0.8154296875 0.05078125 0.10546875
0 0.49658203125 0.46142578125 0.0244140625 0.0361328125
7 0.72119140625 0.3359375 0.0341796875 0.03125
6 0.46142578125 0.68896484375 0.0712890625 0.0634765625
3 0.9609375 0.478515625 0.046875 0.044921875
1 0.34765625 0.388671875 0.0234375 0.029296875
2 0.98876953125 0.50732421875 0.0478515625 0.0361328125
7 0.1494140625 0.4189453125 0.02734375 0.041015625
5 0.3525390625 0.412109375 0.041015625 0.0390625
2 0.2333984375 0.64013671875 0.037109375 0.0498046875
