4 0.34228515625 0.53564453125 0.0205078125 0.0322265625
3 0.2138671875 0.640625 0.025390625 0.048828125
8 0.71044921875 0.60498046875 0.0439453125 0.0380859375
1 0.783203125 0.81494140625 0.05859375 0.0615234375
1 0.89111328125 0.484375 0.0283203125 0.025390625
1 0.1689453125 0.57470703125 0.01953125 0.0341796875
8 0.47314453125 0.50146484375 0.0244140625 0.0263671875
1 0.19580078125 0.59130859375 0.0205078125 0.0361328125
4 0.517578125 0.482421875 0.01953125 0.02734375
3 0.3271484375 0.697265625 0.03125 0.056640625
9 0.58935546875 0.5859375 0.0439453125 0.052734375
9 0.82421875 0.43798828125 0.03515625 0.0263671875
0 0.19775390625 0.51025390625 0.0166015625 0.0283203125
7 0.50146484375 0.45458984375 0.0205078125 0.0263671875
2 0.59814453125 0.4921875 0.0224609375 0.021484375
