5 0.82568359375 0.5234375 0.0361328125 0.0234375
8 0.30908203125 0.54931640625 0.0400390625 0.0498046875
8 -0.00341796875 0.54736328125 0.0302734375 0.0419921875
5 0.66015625 0.52734375 0.037109375 0.025390625
8 0.783203125 0.52294921875 0.029296875 0.0205078125
10 0.2373046875 0.53759765625 0.021484375 0.0185546875
6 0.54541015625 0.537109375 0.0517578125 0.037109375
8 0.66650390625 0.537109375 0.0478515625 0.0390625
7 0.16162109375 0.53857421875 0.0205078125 0.0322265625
4 0.35693359375 0.5341796875 0.0224609375 0.029296875
7 0.74267578125 0.53857421875 0.0556640625 0.0419921875
9 0.2529296875 0.556640625 0.046875 0.060546875
8 0.494140625 0.52685546875 0.0234375 0.0224609375
