10 0.52392578125 0.490234375 0.0244140625 0.033203125
5 0.609375 0.4638671875 0.03125 0.03125
0 0.537109375 0.4599609375 0.015625 0.02734375
10 0.81103515625 0.4375 0.0185546875 0.025390625
5 0.84765625 0.70458984375 0.0625 0.0673828125
6 0.1376953125 0.6513671875 0.068359375 0.048828125
8 0.201171875 0.5205078125 0.0390625 0.033203125
3 0.1123046875 0.490234375 0.03125 0.03515625
0 0.849609375 0.52197265625 0.021484375 0.0341796875
4 0.8681640625 0.50244140625 0.021484375 0.0341796875
1 0.732421875 0.50390625 0.017578125 0.03125
6 0.09912109375 0.53857421875 0.0537109375 0.0361328125
