9 0.712890625 0.55810546875 0.044921875 0.0654296875
6 0.67041015625 0.548828125 0.0556640625 0.046875
1 0.12060546875 0.5390625 0.0400390625 0.044921875
9 0.03515625 0.576171875 0.07421875 0.072265625
0 0.86669921875 0.54150390625 0.0322265625 0.0458984375
6 0.44482421875 0.50830078125 0.0419921875 0.0380859375
6 0.79833984375 0.7138671875 0.1064453125 0.083984375
2 0.33984375 0.76171875 0.05859375 0.083984375
1 0.69482421875 0.45068359375 0.0185546875 0.0263671875
2 0.84912109375 0.47607421875 0.0263671875 0.0224609375
9 0.62939453125 0.47607421875 0.0244140625 0.0380859375
0 0.57763671875 0.44873046875 0.0146484375 0.0263671875
10 0.26904296875 0.73486328125 0.0771484375 0.1083984375
