4 0.8935546875 0.3974609375 0.029296875 0.033203125
0 0.5693359375 1.015625 0.05078125 0.08984375
4 0.287109375 0.41357421875 0.01953125 0.0341796875
9 0.03759765625 0.56103515625 0.0537109375 0.0751953125
5 0.318359375 0.572265625 0.05078125 0.05859375
4 0.2099609375 0.41064453125 0.021484375 0.0341796875
3 0.0849609375 0.43994140625 0.029296875 0.0400390625
5 0.9169921875 0.67236328125 0.083984375 0.0732421875
7 0.47607421875 0.5546875 0.0283203125 0.064453125
6 0.841796875 0.4375 0.048828125 0.03515625
0 0.7080078125 0.41650390625 0.021484375 0.0322265625
10 0.78955078125 0.93359375 0.0947265625 0.150390625
