0 0.47900390625 0.52734375 0.0185546875 0.025390625
7 0.44189453125 0.52880859375 0.0322265625 0.0263671875
0 0.20556640625 0.54345703125 0.0302734375 0.0439453125
7 0.9677734375 0.54443359375 0.119140625 0.0693359375
6 -0.0185546875 0.546875 0.0546875 0.04296875
5 0.666015625 0.52392578125 0.037109375 0.0244140625
8 0.609375 0.5244140625 0.033203125 0.0234375
9 0.126953125 0.5390625 0.033203125 0.033203125
2 0.412109375 0.53466796875 0.025390625 0.0185546875
4 0.3662109375 0.5322265625 0.02734375 0.029296875
3 0.7978515625 0.525390625 0.037109375 0.03125
7 0.31640625 0.546875 0.056640625 0.052734375
