7 0.03857421875 0.5146484375 0.0244140625 0.02734375
2 0.3779296875 0.50830078125 0.013671875 0.0166015625
8 0.63720703125 0.54150390625 0.0322265625 0.0341796875
4 0.8974609375 0.546875 0.037109375 0.037109375
0 0.3779296875 0.56982421875 0.0234375 0.0419921875
7 0.35107421875 0.599609375 0.0302734375 0.05859375
2 0.81103515625 0.57666015625 0.0400390625 0.0322265625
3 0.830078125 0.52734375 0.029296875 0.03125
5 0.6796875 0.49609375 0.029296875 0.021484375
3 0.548828125 0.5751953125 0.03125 0.046875
0 0.61865234375 0.505859375 0.0146484375 0.0234375
5 0.9130859375 0.54638671875 0.0546875 0.0380859375
4 0.38916015625 0.57958984375 0.0263671875 0.0458984375
3 0.2587890625 0.5087890625 0.013671875 0.025390625
