6 0.59375 0.771484375 0.060546875 0.0546875
4 0.91357421875 0.76904296875 0.0498046875 0.0615234375
7 0.9033203125 0.5537109375 0.041015625 0.046875
5 0.1025390625 0.4501953125 0.03515625 0.029296875
1 0.83544921875 0.60546875 0.0341796875 0.0390625
3 0.1640625 0.49755859375 0.0234375 0.0341796875
5 0.43408203125 0.5302734375 0.0341796875 0.0390625
1 0.65771484375 0.54931640625 0.0244140625 0.0341796875
1 0.07666015625 0.5830078125 0.0322265625 0.037109375
9 0.67578125 0.44091796875 0.025390625 0.0361328125
0 0.517578125 0.48486328125 0.015625 0.0283203125
2 0.81103515625 0.4541015625 0.0224609375 0.021484375
6 0.060546875 0.490234375 0.041015625 0.029296875
7 0.25048828125 0.48681640625 0.0224609375 0.0380859375
