6 0.71337890625 0.4765625 0.0341796875 0.029296875
2 0.1767578125 0.5380859375 0.017578125 0.025390625
10 0.751953125 0.4365234375 0.029296875 0.021484375
4 0.62939453125 0.72021484375 0.0517578125 0.0478515625
1 0.68408203125 0.44287109375 0.0185546875 0.0224609375
4 0.232421875 0.82275390625 0.05859375 0.0576171875
10 0.09326171875 0.5380859375 0.0283203125 0.06640625
10 0.39013671875 0.85498046875 0.0478515625 0.0908203125
4 0.5283203125 0.47021484375 0.025390625 0.0166015625
6 0.4794921875 0.5068359375 0.03125 0.033203125
