0 0.509765625 0.50634765625 0.017578125 0.0244140625
1 0.15380859375 0.5302734375 0.0283203125 0.033203125
5 0.7431640625 0.5126953125 0.046875 0.03125
10 0.52685546875 0.5185546875 0.0478515625 0.021484375
8 0.1953125 0.5166015625 0.02734375 0.02734375
3 0.9736328125 0.5166015625 0.044921875 0.03515625
1 0.498046875 0.5908203125 0.072265625 0.072265625
3 0.990234375 0.54736328125 0.06640625 0.0537109375
7 0.48583984375 0.58349609375 0.0869140625 0.0732421875
8 0.57373046875 0.5419921875 0.0615234375 0.044921875
3 0.54833984375 0.54248046875 0.0478515625 0.0458984375
0 0.89013671875 0.5673828125 0.0478515625 0.0625
