1 0.68505859375 0.4755859375 0.0341796875 0.033203125
1 0.974609375 0.71044921875 0.107421875 0.0947265625
0 0.4853515625 0.5322265625 0.03125 0.046875
8 0.17822265625 0.56201171875 0.0400390625 0.0537109375
8 0.60400390625 0.521484375 0.0537109375 0.044921875
5 0.4013671875 0.50439453125 0.052734375 0.0439453125
8 0.56982421875 0.619140625 0.0771484375 0.068359375
2 0.32958984375 0.546875 0.0380859375 0.037109375
0 0.73583984375 0.46240234375 0.0224609375 0.0302734375
2 0.61328125 0.4736328125 0.03125 0.0234375
0 0.10302734375 0.5068359375 0.0244140625 0.0390625
