6 0.49853515625 0.32568359375 0.0595703125 0.0537109375
10 0.78564453125 0.3291015625 0.0908203125 0.05078125
6 0.08447265625 0.33544921875 0.0654296875 0.0537109375
2 0.2138671875 0.45751953125 0.0546875 0.0458984375
9 0.54345703125 0.50537109375 0.1044921875 0.0830078125
4 0.65771484375 0.3388671875 0.0498046875 0.048828125
5 0.814453125 0.58642578125 0.083984375 0.0869140625
2 0.81640625 0.44873046875 0.05859375 0.0478515625
3 0.39697265625 0.208984375 0.0400390625 0.041015625
8 0.2861328125 0.318359375 0.060546875 0.04296875
