7 0.2001953125 0.4267578125 0.015625 0.03125
3 0.216796875 0.7216796875 0.029296875 0.060546875
4 0.125 0.5166015625 0.01953125 0.03515625
9 0.25830078125 0.7734375 0.0361328125 0.095703125
5 0.2939453125 0.43359375 0.029296875 0.029296875
10 0.3154296875 0.49951171875 0.0234375 0.0361328125
9 0.96630859375 0.5361328125 0.0615234375 0.052734375
0 0.38623046875 0.7529296875 0.0302734375 0.05078125
4 0.251953125 0.51953125 0.01953125 0.03515625
4 0.4658203125 0.7802734375 0.037109375 0.060546875
4 0.71728515625 0.47119140625 0.0263671875 0.0302734375
2 0.697265625 0.39599609375 0.01953125 0.0185546875
5 0.4931640625 0.61083984375 0.048828125 0.0498046875
