1 0.65185546875 0.4658203125 0.0205078125 0.021484375
2 0.23046875 0.66796875 0.029296875 0.0390625
1 0.40771484375 0.6650390625 0.0341796875 0.044921875
7 0.0546875 0.53662109375 0.017578125 0.0341796875
10 0.5537109375 0.5 0.033203125 0.0234375
9 0.58544921875 0.48779296875 0.0322265625 0.0302734375
1 0.91650390625 0.5498046875 0.0361328125 0.03125
9 0.62744140625 0.5888671875 0.0517578125 0.048828125
9 0.46044921875 0.53955078125 0.0361328125 0.0380859375
0 0.4150390625 0.54736328125 0.01953125 0.0302734375
6 0.2119140625 0.5146484375 0.03125 0.02734375
7 0.06884765625 0.48388671875 0.0146484375 0.0263671875
0 0.79638671875 0.537109375 0.0224609375 0.029296875
7 0.783203125 0.5771484375 0.046875 0.04296875
8 0.861328125 0.53955078125 0.04296875 0.0302734375
