0 0.51025390625 0.474609375 0.0283203125 0.041015625
6 0.4697265625 0.53515625 0.064453125 0.052734375
8 0.50244140625 0.46435546875 0.0458984375 0.0400390625
6 0.89208984375 0.50439453125 0.0556640625 0.0478515625
2 0.19189453125 0.607421875 0.0595703125 0.05078125
3 0.58349609375 0.55615234375 0.0439453125 0.0576171875
3 0.22021484375 0.6787109375 0.0693359375 0.078125
1 0.9375 0.4443359375 0.02734375 0.037109375
3 0.5029296875 0.55029296875 0.044921875 0.0576171875
1 0.73974609375 0.4609375 0.0322265625 0.0390625
2 0.33447265625 0.59521484375 0.0537109375 0.0498046875
7 0.26220703125 0.54638671875 0.0693359375 0.0654296875
0 0.01904296875 0.572265625 0.0419921875 0.052734375
