2 0.46337890625 0.4404296875 0.0341796875 0.021484375
6 0.474609375 0.37548828125 0.03515625 0.0302734375
3 0.96142578125 0.64794921875 0.0576171875 0.0576171875
0 0.63232421875 0.4189453125 0.0205078125 0.029296875
1 0.4462890625 0.6787109375 0.044921875 0.052734375
8 0.59716796875 0.658203125 0.0771484375 0.064453125
3 0.44677734375 0.39990234375 0.0224609375 0.0322265625
7 0.119140625 0.6396484375 0.05859375 0.056640625
1 0.31103515625 0.64697265625 0.0380859375 0.0615234375
1 0.7587890625 0.9619140625 0.0703125 0.09375
