5 0.85107421875 0.51513671875 0.0419921875 0.0263671875
8 0.26708984375 0.56689453125 0.0615234375 0.0751953125
5 0.671875 0.52099609375 0.044921875 0.0302734375
8 0.794921875 0.513671875 0.03515625 0.0234375
10 0.162109375 0.5361328125 0.02734375 0.0234375
6 0.5712890625 0.5390625 0.0703125 0.048828125
8 0.73583984375 0.53955078125 0.0712890625 0.0517578125
7 0.06103515625 0.54052734375 0.0263671875 0.0439453125
4 0.31494140625 0.53271484375 0.0302734375 0.0380859375
7 0.849609375 0.5419921875 0.0859375 0.056640625
9 0.1826171875 0.58837890625 0.078125 0.1064453125
8 0.46923828125 0.52001953125 0.0283203125 0.0263671875
