2 0.50439453125 0.4921875 0.0302734375 0.017578125
6 0.541015625 0.4580078125 0.03125 0.025390625
3 0.89208984375 0.60791015625 0.0595703125 0.0517578125
0 0.669921875 0.482421875 0.01953125 0.02734375
1 0.38720703125 0.60205078125 0.0341796875 0.0478515625
8 0.52880859375 0.59814453125 0.0751953125 0.0517578125
3 0.50244140625 0.46923828125 0.0185546875 0.0283203125
7 0.125 0.576171875 0.041015625 0.03515625
1 0.27734375 0.5810546875 0.02734375 0.05078125
1 0.56298828125 0.76025390625 0.0693359375 0.0654296875
