6 0.232421875 0.51904296875 0.033203125 0.0224609375
5 0.3955078125 0.53271484375 0.033203125 0.0302734375
2 0.46923828125 0.54833984375 0.0341796875 0.0205078125
7 0.7412109375 0.53759765625 0.017578125 0.0478515625
2 0.4833984375 0.56787109375 0.029296875 0.0224609375
3 0.798828125 0.52587890625 0.021484375 0.0126953125
0 0.5888671875 0.52685546875 0.013671875 0.0224609375
2 0.23974609375 0.51220703125 0.0224609375 0.0107421875
9 0.3974609375 0.54248046875 0.0625 0.0302734375
6 0.93798828125 0.6240234375 0.0654296875 0.05859375
