4 0.67724609375 0.517578125 0.0166015625 0.029296875
0 0.5927734375 0.505859375 0.015625 0.025390625
3 0.49951171875 0.49658203125 0.0185546875 0.0263671875
9 0.1982421875 0.4912109375 0.037109375 0.029296875
10 0.455078125 0.64013671875 0.046875 0.0517578125
10 0.52490234375 0.5849609375 0.0341796875 0.0390625
7 0.44140625 0.5 0.0234375 0.029296875
8 0.68994140625 0.51025390625 0.0166015625 0.0263671875
3 0.080078125 0.51708984375 0.03125 0.0302734375
7 0.462890625 0.63916015625 0.041015625 0.0595703125
4 0.8798828125 0.6494140625 0.029296875 0.05078125
8 0.97802734375 0.544921875 0.0263671875 0.03125
5 0.5986328125 0.5615234375 0.041015625 0.0390625
2 0.1591796875 0.52880859375 0.029296875 0.0224609375
4 0.4208984375 0.5341796875 0.0234375 0.03125
