1 -0.0009765625 0.56591796875 0.064453125 0.0537109375
7 0.89453125 0.4453125 0.025390625 0.046875
6 0.951171875 0.4189453125 0.0390625 0.03515625
5 0.43896484375 0.796875 0.1064453125 0.115234375
9 0.85791015625 0.4052734375 0.0244140625 0.04296875
0 0.46484375 0.8837890625 0.05859375 0.095703125
0 0.52001953125 0.47802734375 0.0263671875 0.0419921875
1 0.75390625 0.607421875 0.0390625 0.05859375
9 0.033203125 0.591796875 0.109375 0.087890625
7 0.35498046875 0.98193359375 0.1201171875 0.1806640625
8 0.18408203125 0.51611328125 0.0634765625 0.0478515625
0 0.16015625 0.46533203125 0.03125 0.0400390625
0 0.3876953125 0.466796875 0.02734375 0.041015625
