1 0.544921875 0.5146484375 0.021484375 0.021484375
1 0.93701171875 0.515625 0.0341796875 0.02734375
3 0.197265625 0.560546875 0.0390625 0.056640625
8 0.16748046875 0.568359375 0.0458984375 0.0625
7 0.49462890625 0.5654296875 0.0712890625 0.06640625
3 0.98828125 0.52392578125 0.044921875 0.0341796875
6 0.498046875 0.55224609375 0.072265625 0.0537109375
1 0.580078125 0.513671875 0.021484375 0.021484375
2 0.1962890625 0.54833984375 0.029296875 0.0283203125
2 0.39697265625 0.54248046875 0.0322265625 0.0263671875
3 0.5126953125 0.54248046875 0.041015625 0.0458984375
9 0.46044921875 0.52685546875 0.0400390625 0.0322265625
