5 0.02978515625 0.65380859375 0.0810546875 0.0712890625
10 0.46337890625 0.5185546875 0.0263671875 0.025390625
5 0.5166015625 0.50048828125 0.033203125 0.0283203125
0 0.44482421875 0.50244140625 0.0166015625 0.0263671875
10 0.65234375 0.4833984375 0.02734375 0.017578125
5 0.97021484375 0.57763671875 0.0712890625 0.0498046875
6 0.2705078125 0.6171875 0.056640625 0.0546875
8 0.162109375 0.55078125 0.025390625 0.037109375
3 0.01708984375 0.54345703125 0.0283203125 0.0380859375
0 0.7783203125 0.5107421875 0.021484375 0.029296875
4 0.77001953125 0.50244140625 0.0263671875 0.0283203125
1 0.6640625 0.509765625 0.025390625 0.029296875
6 0.06640625 0.56787109375 0.052734375 0.0419921875
