5 0.4345703125 0.3388671875 0.041015625 0.037109375
1 0.57763671875 0.720703125 0.0576171875 0.060546875
4 0.54345703125 0.47998046875 0.0400390625 0.0439453125
0 0.65625 0.9365234375 0.0546875 0.078125
9 0.30615234375 0.583984375 0.0908203125 0.078125
6 0.7119140625 0.419921875 0.048828125 0.041015625
9 0.486328125 0.4775390625 0.06640625 0.060546875
8 0.39208984375 0.4072265625 0.0478515625 0.03515625
7 0.88916015625 0.478515625 0.0458984375 0.052734375
7 0.6318359375 0.45947265625 0.048828125 0.0517578125
3 0.322265625 0.43994140625 0.041015625 0.0439453125
