6 0.5810546875 0.50537109375 0.0390625 0.0283203125
10 0.7705078125 0.517578125 0.0546875 0.025390625
6 0.345703125 0.4970703125 0.033203125 0.025390625
2 0.3671875 0.51904296875 0.025390625 0.0205078125
3 0.087890625 0.60888671875 0.03515625 0.0537109375
9 0.5244140625 0.53125 0.048828125 0.0390625
4 0.67529296875 0.51171875 0.0302734375 0.029296875
5 0.6484375 0.55029296875 0.0546875 0.0419921875
7 0.75048828125 0.6064453125 0.0732421875 0.060546875
4 0.91259765625 0.64697265625 0.0712890625 0.0654296875
2 0.72509765625 0.5361328125 0.0361328125 0.025390625
3 0.57373046875 0.4853515625 0.0224609375 0.0234375
7 0.29541015625 0.59716796875 0.0458984375 0.0556640625
8 0.4609375 0.4990234375 0.029296875 0.025390625
