6 0.3515625 0.57958984375 0.041015625 0.0322265625
8 1.00146484375 0.56005859375 0.0224609375 0.0283203125
7 0.85595703125 0.61376953125 0.0185546875 0.0439453125
3 0.48681640625 0.54150390625 0.0205078125 0.0302734375
8 0.72216796875 0.52490234375 0.0166015625 0.0244140625
0 0.15185546875 0.54296875 0.0205078125 0.02734375
6 0.33349609375 0.62255859375 0.0478515625 0.0380859375
0 0.208984375 0.5615234375 0.021484375 0.029296875
2 0.236328125 0.5400390625 0.025390625 0.021484375
0 0.439453125 0.4775390625 0.013671875 0.01953125
1 0.3759765625 0.52197265625 0.021484375 0.0244140625
9 0.681640625 0.494140625 0.017578125 0.02734375
10 0.72216796875 0.50439453125 0.0166015625 0.0224609375
1 0.537109375 0.51904296875 0.017578125 0.0244140625
0 0.28369140625 0.5341796875 0.0185546875 0.025390625
