1 0.65869140625 0.4892578125 0.0205078125 0.0234375
3 0.54052734375 0.75390625 0.0380859375 0.0625
1 0.63818359375 0.65234375 0.0341796875 0.041015625
0 0.4931640625 0.53466796875 0.017578125 0.0283203125
8 0.31640625 0.54833984375 0.01953125 0.0283203125
3 0.17138671875 0.51123046875 0.0146484375 0.0283203125
8 0.57080078125 0.5302734375 0.0263671875 0.02734375
5 0.45703125 0.5078125 0.03125 0.029296875
8 0.49951171875 0.59716796875 0.0302734375 0.0341796875
2 0.40185546875 0.5400390625 0.0185546875 0.0234375
0 0.7060546875 0.4765625 0.015625 0.021484375
2 0.61572265625 0.48291015625 0.0185546875 0.0185546875
0 0.27978515625 0.50146484375 0.0146484375 0.0244140625
8 0.16650390625 0.591796875 0.0185546875 0.033203125
