6 0.10888671875 0.54638671875 0.0400390625 0.0322265625
1 0.74365234375 0.5263671875 0.0263671875 0.02734375
0 0.72314453125 0.6025390625 0.0361328125 0.052734375
1 0.2421875 0.53369140625 0.015625 0.0283203125
5 0.31201171875 0.51025390625 0.0244140625 0.0224609375
9 0.69091796875 0.5126953125 0.0302734375 0.025390625
0 0.58984375 0.5078125 0.013671875 0.021484375
0 0.80908203125 0.54345703125 0.0244140625 0.0322265625
8 0.05615234375 0.5439453125 0.0263671875 0.03125
10 0.74169921875 0.533203125 0.0400390625 0.0234375
0 0.63623046875 0.5732421875 0.0283203125 0.04296875
8 0.349609375 0.60400390625 0.033203125 0.0517578125
10 0.708984375 0.52392578125 0.03515625 0.0205078125
10 0.20703125 0.533203125 0.017578125 0.021484375
6 0.66162109375 0.580078125 0.0595703125 0.044921875
