9 0.638671875 0.6044921875 0.06640625 0.083984375
6 0.6259765625 0.5830078125 0.068359375 0.05859375
1 0.2041015625 0.48095703125 0.044921875 0.0400390625
9 0.0791015625 0.5146484375 0.08984375 0.0625
9 0.0048828125 0.486328125 0.087890625 0.056640625
0 0.859375 0.61328125 0.037109375 0.056640625
6 0.51904296875 0.484375 0.0537109375 0.04296875
6 0.32958984375 0.83837890625 0.1201171875 0.1044921875
1 0.94140625 0.43115234375 0.021484375 0.0322265625
9 0.78515625 0.462890625 0.0390625 0.048828125
0 0.80859375 0.41162109375 0.01953125 0.0302734375
10 -0.04833984375 0.72607421875 0.1513671875 0.1005859375
