9 0.0986328125 0.66015625 0.02734375 0.05859375
7 0.55126953125 0.50732421875 0.0224609375 0.0283203125
6 0.041015625 0.52880859375 0.03125 0.0263671875
0 0.6865234375 0.49462890625 0.015625 0.0224609375
9 0.904296875 0.54736328125 0.048828125 0.0380859375
6 0.095703125 0.640625 0.04296875 0.0390625
5 0.50244140625 0.47802734375 0.0263671875 0.0224609375
1 0.45166015625 0.49658203125 0.0166015625 0.0224609375
3 0.06103515625 0.54248046875 0.0185546875 0.0302734375
8 0.67333984375 0.46484375 0.0224609375 0.01953125
9 0.681640625 0.46826171875 0.02734375 0.0244140625
5 0.306640625 0.7509765625 0.0546875 0.0625
7 0.759765625 0.58544921875 0.0390625 0.0400390625
10 0.39599609375 0.54345703125 0.0244140625 0.0283203125
