4 0.2763671875 0.52197265625 0.025390625 0.0498046875
3 0.00048828125 0.81787109375 0.0517578125 0.0869140625
8 0.798828125 0.7607421875 0.072265625 0.078125
1 0.00537109375 0.61279296875 0.0400390625 0.0498046875
8 0.48046875 0.4443359375 0.029296875 0.0390625
1 0.02587890625 0.6640625 0.0419921875 0.052734375
4 0.548828125 0.39892578125 0.025390625 0.0400390625
9 0.61083984375 0.69287109375 0.0615234375 0.1083984375
9 0.990234375 0.3095703125 0.052734375 0.044921875
0 0.099609375 0.44482421875 0.025390625 0.0380859375
7 0.53857421875 0.32958984375 0.0263671875 0.0419921875
2 0.65966796875 0.423828125 0.0302734375 0.03515625
