10 0.72119140625 0.744140625 0.0341796875 0.078125
7 0.31005859375 0.45263671875 0.0263671875 0.0283203125
7 0.27197265625 0.45361328125 0.0283203125 0.0283203125
10 0.61083984375 0.646484375 0.0361328125 0.056640625
5 0.3994140625 0.53173828125 0.04296875 0.0380859375
2 0.26123046875 0.57666015625 0.0341796875 0.0322265625
7 0.62646484375 0.5595703125 0.0263671875 0.046875
4 0.521484375 0.65966796875 0.033203125 0.0517578125
1 0.83544921875 0.48193359375 0.0166015625 0.0263671875
3 0.53173828125 0.49853515625 0.0205078125 0.0322265625
10 0.70654296875 0.5986328125 0.0263671875 0.046875
8 0.15966796875 0.4794921875 0.0361328125 0.02734375
10 0.37841796875 0.4716796875 0.0302734375 0.025390625
5 0.6669921875 0.64208984375 0.05078125 0.0556640625
3 0.8369140625 0.572265625 0.021484375 0.04296875
