0 0.47314453125 0.4716796875 0.0126953125 0.01953125
1 0.96435546875 0.54638671875 0.0361328125 0.0322265625
9 0.119140625 0.57666015625 0.033203125 0.0322265625
5 0.35107421875 0.5556640625 0.0380859375 0.03515625
5 0.34423828125 0.49169921875 0.0283203125 0.0244140625
8 0.6142578125 0.552734375 0.03515625 0.037109375
3 0.6328125 0.529296875 0.033203125 0.01953125
10 0.8212890625 0.5400390625 0.048828125 0.025390625
7 0.34765625 0.5390625 0.046875 0.03125
7 0.35302734375 0.62744140625 0.0341796875 0.0517578125
