5 0.90234375 0.4140625 0.046875 0.033203125
8 0.20947265625 0.80517578125 0.0556640625 0.0908203125
5 0.70263671875 0.44384765625 0.0478515625 0.0380859375
8 0.84326171875 0.3974609375 0.0380859375 0.02734375
10 0.1650390625 0.474609375 0.025390625 0.037109375
6 0.56884765625 0.59716796875 0.0732421875 0.0615234375
8 0.74365234375 0.62451171875 0.0751953125 0.0615234375
7 0.04638671875 0.5400390625 0.0302734375 0.060546875
4 0.314453125 0.5068359375 0.029296875 0.044921875
7 0.86376953125 0.65576171875 0.0927734375 0.0908203125
9 0.07958984375 0.9716796875 0.0693359375 0.22265625
8 0.49267578125 0.4150390625 0.0283203125 0.029296875
