7 0.67822265625 0.45751953125 0.0263671875 0.0166015625
10 0.03076171875 0.53173828125 0.0244140625 0.0634765625
10 0.58154296875 0.53271484375 0.0263671875 0.0283203125
9 0.9169921875 0.55419921875 0.046875 0.0439453125
5 0.30126953125 0.70703125 0.0478515625 0.064453125
10 0.3408203125 0.48583984375 0.015625 0.0537109375
6 0.66259765625 0.52197265625 0.0283203125 0.0341796875
0 0.43115234375 0.4853515625 0.0126953125 0.015625
8 0.5087890625 0.6748046875 0.04296875 0.072265625
4 0.44287109375 0.61083984375 0.0205078125 0.0400390625
