4 0.64794921875 0.53759765625 0.0146484375 0.0283203125
1 0.25146484375 0.4990234375 0.0185546875 0.0234375
5 0.1943359375 0.61328125 0.044921875 0.0390625
6 0.685546875 0.55322265625 0.03125 0.0283203125
5 0.80322265625 0.48583984375 0.0283203125 0.0244140625
2 0.3330078125 0.5302734375 0.017578125 0.021484375
6 0.71240234375 0.5517578125 0.0322265625 0.02734375
0 0.677734375 0.62744140625 0.01953125 0.0341796875
1 0.60400390625 0.6318359375 0.0185546875 0.03515625
0 0.677734375 0.505859375 0.013671875 0.0234375
8 0.251953125 0.5263671875 0.0234375 0.025390625
8 0.25732421875 0.58984375 0.0283203125 0.03125
10 0.7626953125 0.51708984375 0.021484375 0.0263671875
10 0.220703125 0.51416015625 0.02734375 0.0263671875
0 0.3896484375 0.4970703125 0.013671875 0.0234375
