7 0.46044921875 0.55224609375 0.0146484375 0.0478515625
0 0.5830078125 0.52490234375 0.0234375 0.0146484375
1 0.6435546875 0.53271484375 0.025390625 0.0283203125
8 0.49658203125 0.49853515625 0.0341796875 0.0146484375
3 0.92138671875 0.845703125 0.0498046875 0.068359375
9 0.5205078125 0.4853515625 0.021484375 0.048828125
9 0.640625 0.57080078125 0.060546875 0.0205078125
10 0.09130859375 0.515625 0.0283203125 0.025390625
1 0.1787109375 0.486328125 0.017578125 0.021484375
9 0.79296875 0.56005859375 0.03125 0.0400390625
