6 0.20263671875 0.4794921875 0.0419921875 0.029296875
1 0.78955078125 0.572265625 0.0244140625 0.03515625
0 0.1943359375 0.78515625 0.0390625 0.0546875
1 0.34423828125 0.4697265625 0.0263671875 0.02734375
5 0.5400390625 0.41015625 0.029296875 0.025390625
9 0.861328125 0.50390625 0.025390625 0.04296875
0 0.79833984375 0.4599609375 0.0166015625 0.025390625
0 0.69482421875 0.6513671875 0.0263671875 0.04296875
8 0.19384765625 0.46337890625 0.0380859375 0.0263671875
10 0.76220703125 0.5830078125 0.0322265625 0.044921875
0 0.3271484375 0.68212890625 0.03125 0.0458984375
8 0.029296875 0.67431640625 0.0703125 0.0458984375
10 0.81005859375 0.54052734375 0.0283203125 0.0380859375
10 0.34912109375 0.45263671875 0.0380859375 0.0283203125
6 0.31005859375 0.70849609375 0.0654296875 0.0537109375
