1 0.66162109375 0.51953125 0.0185546875 0.021484375
3 0.47705078125 0.61328125 0.0302734375 0.046875
1 0.59521484375 0.57861328125 0.0283203125 0.0361328125
0 0.4921875 0.53564453125 0.015625 0.0244140625
8 0.3271484375 0.5400390625 0.015625 0.025390625
3 0.2041015625 0.5263671875 0.013671875 0.0234375
8 0.56689453125 0.53466796875 0.0224609375 0.0244140625
5 0.4658203125 0.5263671875 0.02734375 0.0234375
8 0.48291015625 0.55810546875 0.0244140625 0.0302734375
2 0.40771484375 0.5400390625 0.0166015625 0.017578125
0 0.7109375 0.51513671875 0.013671875 0.0205078125
2 0.62353515625 0.51904296875 0.0166015625 0.0146484375
3 0.98388671875 0.54052734375 0.0302734375 0.0283203125
0 0.30419921875 0.5234375 0.0126953125 0.021484375
8 0.1826171875 0.5546875 0.01953125 0.029296875
