8 0.77685546875 0.5185546875 0.0556640625 0.03515625
10 0.05615234375 0.53564453125 0.0361328125 0.0224609375
2 0.6240234375 0.5205078125 0.033203125 0.01953125
4 0.31396484375 0.51708984375 0.0244140625 0.0244140625
8 0.99072265625 0.5146484375 0.0634765625 0.03515625
9 0.3115234375 0.6240234375 0.162109375 0.130859375
0 0.255859375 0.54736328125 0.03515625 0.0498046875
9 0.19775390625 0.5712890625 0.0888671875 0.07421875
10 1.0205078125 0.51708984375 0.078125 0.0224609375
10 0.68994140625 0.5126953125 0.0478515625 0.017578125
10 0.3642578125 0.53125 0.05078125 0.0234375
5 0.8505859375 0.56103515625 0.111328125 0.0751953125
