2 0.56201171875 0.82470703125 0.0615234375 0.0693359375
10 0.3017578125 0.4775390625 0.046875 0.044921875
6 0.5771484375 0.43212890625 0.046875 0.0380859375
6 0.53173828125 0.3369140625 0.0361328125 0.029296875
5 0.453125 0.92529296875 0.09765625 0.1123046875
2 0.28759765625 0.3759765625 0.0244140625 0.0234375
2 0.51904296875 0.67626953125 0.0498046875 0.0517578125
3 0.5556640625 0.46435546875 0.03515625 0.0419921875
5 0.51611328125 0.39892578125 0.0419921875 0.0380859375
2 0.56494140625 0.3212890625 0.0244140625 0.01953125
4 0.416015625 0.88623046875 0.0625 0.0810546875
