3 0.7587890625 0.53857421875 0.033203125 0.0322265625
9 0.525390625 0.5 0.03515625 0.029296875
5 0.24169921875 0.5283203125 0.0361328125 0.03125
9 0.32568359375 0.486328125 0.0263671875 0.025390625
5 0.89501953125 0.56494140625 0.0537109375 0.0400390625
5 0.11376953125 0.55908203125 0.0400390625 0.0361328125
5 0.794921875 0.67431640625 0.07421875 0.0634765625
4 0.56298828125 0.49365234375 0.0224609375 0.0244140625
2 0.25 0.49560546875 0.017578125 0.0166015625
7 0.5341796875 0.54638671875 0.037109375 0.0361328125
5 0.17041015625 0.55126953125 0.0400390625 0.0361328125
10 0.5576171875 0.48681640625 0.033203125 0.0185546875
