6 0.7265625 0.6357421875 0.052734375 0.041015625
4 0.90869140625 0.6064453125 0.0400390625 0.037109375
7 0.78857421875 0.51220703125 0.0361328125 0.0302734375
5 0.06591796875 0.51806640625 0.0302734375 0.0283203125
1 0.77587890625 0.54150390625 0.0302734375 0.0283203125
3 0.1826171875 0.54150390625 0.01953125 0.0302734375
5 0.4462890625 0.5361328125 0.03515625 0.03125
1 0.6240234375 0.52783203125 0.025390625 0.0263671875
1 0.1923828125 0.599609375 0.0234375 0.033203125
9 0.556640625 0.4677734375 0.029296875 0.025390625
0 0.47265625 0.50390625 0.015625 0.0234375
2 0.66162109375 0.46728515625 0.0205078125 0.0166015625
6 0.07080078125 0.54736328125 0.0322265625 0.0302734375
7 0.25048828125 0.52734375 0.0224609375 0.03125
