5 0.43505859375 0.5625 0.0517578125 0.04296875
2 0.3603515625 0.55517578125 0.02734375 0.0244140625
6 0.0380859375 0.53662109375 0.044921875 0.0283203125
6 0.6552734375 0.5302734375 0.025390625 0.0234375
1 0.07958984375 0.52685546875 0.0244140625 0.0224609375
4 0.99365234375 0.56640625 0.0361328125 0.04296875
6 0.3466796875 0.5234375 0.02734375 0.01953125
0 0.48291015625 0.52587890625 0.0126953125 0.0205078125
1 0.72998046875 0.5322265625 0.0146484375 0.0234375
4 0.52294921875 0.52880859375 0.0146484375 0.0224609375
8 0.71875 0.5400390625 0.017578125 0.02734375
8 0.49755859375 0.54296875 0.0224609375 0.029296875
6 0.18017578125 0.53857421875 0.0419921875 0.0283203125
5 0.7880859375 0.52734375 0.025390625 0.021484375
1 0.94140625 0.57763671875 0.0390625 0.0478515625
