9 0.13720703125 0.56103515625 0.0478515625 0.0810546875
2 0.31982421875 0.46484375 0.0205078125 0.029296875
0 0.22900390625 0.44921875 0.0205078125 0.03515625
0 0.15673828125 0.716796875 0.0556640625 0.09375
1 0.544921875 0.93017578125 0.09375 0.1455078125
9 0.49951171875 0.61865234375 0.0615234375 0.1044921875
9 0.916015625 0.478515625 0.0703125 0.0546875
10 0.435546875 0.45556640625 0.02734375 0.0341796875
7 0.2275390625 0.51318359375 0.03125 0.0595703125
9 0.42529296875 0.46728515625 0.0302734375 0.0498046875
7 0.56494140625 0.52392578125 0.0439453125 0.0634765625
