3 0.71630859375 0.427734375 0.0302734375 0.029296875
6 0.0673828125 0.5927734375 0.064453125 0.056640625
10 0.29052734375 0.455078125 0.0361328125 0.02734375
8 0.974609375 0.625 0.09765625 0.060546875
10 0.6220703125 0.48046875 0.056640625 0.033203125
2 0.40576171875 0.44580078125 0.0263671875 0.0224609375
7 0.12353515625 0.64501953125 0.0537109375 0.0791015625
6 0.447265625 0.462890625 0.044921875 0.03515625
1 0.66845703125 0.45751953125 0.0341796875 0.0322265625
6 0.1494140625 0.494140625 0.046875 0.0390625
6 0.01318359375 0.55859375 0.0576171875 0.05078125
