2 0.14306640625 0.54833984375 0.0556640625 0.0322265625
1 0.54638671875 0.537109375 0.0283203125 0.033203125
1 0.9619140625 0.54052734375 0.017578125 0.0283203125
10 0.09765625 0.54638671875 0.08984375 0.0322265625
0 0.36669921875 0.52880859375 0.0166015625 0.0224609375
5 0.15234375 0.5283203125 0.041015625 0.025390625
3 0.3896484375 0.529296875 0.021484375 0.021484375
7 -0.01220703125 0.52978515625 0.0556640625 0.0322265625
6 0.37744140625 0.52978515625 0.0341796875 0.0224609375
9 0.55517578125 0.53125 0.0263671875 0.021484375
0 0.95166015625 0.5380859375 0.0146484375 0.025390625
9 0.29638671875 0.53271484375 0.0498046875 0.0302734375
1 0.5703125 0.53955078125 0.03125 0.0361328125
10 0.77685546875 0.54638671875 0.0283203125 0.0244140625
