4 0.767578125 0.80126953125 0.078125 0.0771484375
9 0.171875 0.58154296875 0.083984375 0.0849609375
0 0.38818359375 0.658203125 0.0419921875 0.05859375
9 0.62646484375 0.3759765625 0.0751953125 0.05859375
7 0.45947265625 0.740234375 0.0888671875 0.095703125
9 0.83984375 0.6494140625 0.123046875 0.09765625
0 0.353515625 0.43017578125 0.03125 0.0439453125
0 0.66845703125 0.4921875 0.0341796875 0.048828125
9 0.55908203125 0.1962890625 0.0498046875 0.037109375
7 0.00830078125 0.48974609375 0.0595703125 0.0634765625
