6 0.06689453125 0.99951171875 0.0849609375 0.0947265625
10 0.1064453125 0.46875 0.017578125 0.03515625
1 0.0341796875 0.45263671875 0.01953125 0.0283203125
6 0.2314453125 0.69091796875 0.0546875 0.0537109375
0 0.4462890625 0.52587890625 0.021484375 0.0361328125
8 1.00390625 0.474609375 0.048828125 0.03125
2 0.60009765625 0.51611328125 0.0283203125 0.0302734375
5 0.98828125 0.56787109375 0.0625 0.0498046875
6 0.45751953125 0.43798828125 0.0341796875 0.0302734375
9 0.77685546875 0.49658203125 0.0517578125 0.0498046875
4 0.71826171875 0.4521484375 0.0283203125 0.03125
4 0.0615234375 0.6640625 0.029296875 0.052734375
1 0.423828125 0.6513671875 0.033203125 0.046875
2 0.20263671875 0.568359375 0.0224609375 0.03515625
