5 0.83984375 0.48486328125 0.03125 0.0263671875
9 0.6669921875 0.4736328125 0.013671875 0.029296875
9 0.8115234375 0.51123046875 0.0234375 0.0361328125
2 0.75732421875 0.70263671875 0.0302734375 0.0458984375
4 0.5927734375 0.58056640625 0.01953125 0.0380859375
4 0.3740234375 0.4736328125 0.017578125 0.0234375
1 0.25341796875 0.4765625 0.0205078125 0.0234375
0 0.35302734375 0.525390625 0.0185546875 0.029296875
7 0.31201171875 0.51611328125 0.0263671875 0.0341796875
5 0.68896484375 0.58642578125 0.0400390625 0.0419921875
6 0.5380859375 0.46630859375 0.025390625 0.0224609375
4 0.7080078125 0.73876953125 0.03125 0.0615234375
