4 0.91015625 0.53662109375 0.025390625 0.0341796875
4 0.1005859375 0.61083984375 0.048828125 0.0537109375
8 0.3271484375 0.4716796875 0.037109375 0.0234375
4 0.70166015625 0.5234375 0.0322265625 0.03515625
10 0.54296875 0.71728515625 0.048828125 0.1474609375
6 0.33935546875 0.47509765625 0.0361328125 0.0263671875
6 0.81103515625 0.64208984375 0.0654296875 0.0615234375
10 0.408203125 0.482421875 0.041015625 0.021484375
9 0.2744140625 0.68017578125 0.115234375 0.0556640625
8 0.572265625 0.48193359375 0.029296875 0.0244140625
