1 0.4970703125 0.3994140625 0.03515625 0.041015625
4 0.48193359375 0.63232421875 0.0537109375 0.0712890625
9 0.59033203125 0.59375 0.0869140625 0.099609375
8 0.81298828125 0.5712890625 0.0810546875 0.05859375
6 0.08251953125 0.60302734375 0.0732421875 0.0673828125
1 0.47900390625 0.31689453125 0.0283203125 0.0322265625
7 0.03515625 0.38818359375 0.03125 0.0498046875
4 0.46826171875 0.50732421875 0.0439453125 0.0556640625
0 0.39501953125 0.41552734375 0.0283203125 0.0419921875
8 0.4072265625 0.35693359375 0.037109375 0.0361328125
