3 0.73828125 0.591796875 0.02734375 0.041015625
9 0.59765625 0.48193359375 0.021484375 0.0361328125
5 0.29638671875 0.4912109375 0.0302734375 0.03125
9 0.44775390625 0.431640625 0.0126953125 0.029296875
5 0.82080078125 0.6689453125 0.0556640625 0.05078125
5 0.1484375 0.521484375 0.037109375 0.033203125
5 0.45556640625 0.83154296875 0.0556640625 0.0712890625
4 0.6474609375 0.47705078125 0.017578125 0.0263671875
2 0.373046875 0.4365234375 0.01171875 0.017578125
7 0.5009765625 0.56494140625 0.01953125 0.0439453125
5 0.201171875 0.517578125 0.03515625 0.033203125
10 0.66650390625 0.46044921875 0.0224609375 0.0263671875
