4 0.70458984375 0.4765625 0.0185546875 0.0234375
4 0.4951171875 0.68896484375 0.0234375 0.0439453125
8 0.17822265625 0.5048828125 0.0400390625 0.025390625
4 0.58203125 0.49365234375 0.0234375 0.0263671875
10 0.93896484375 0.65869140625 0.0341796875 0.0791015625
6 0.19580078125 0.50439453125 0.0283203125 0.0283203125
6 0.85009765625 0.57275390625 0.0419921875 0.0341796875
10 0.2646484375 0.49951171875 0.013671875 0.0263671875
9 0.7119140625 0.69091796875 0.083984375 0.0361328125
8 0.3984375 0.4697265625 0.013671875 0.021484375
