6 0.60595703125 0.50927734375 0.0322265625 0.0244140625
10 0.75830078125 0.529296875 0.0400390625 0.025390625
6 0.42333984375 0.490234375 0.0263671875 0.021484375
2 0.41748046875 0.51513671875 0.0166015625 0.0185546875
3 0.126953125 0.5908203125 0.021484375 0.0390625
9 0.52099609375 0.53515625 0.0302734375 0.03515625
4 0.6767578125 0.52001953125 0.0234375 0.0263671875
5 0.59423828125 0.56103515625 0.0419921875 0.0361328125
7 0.59619140625 0.62060546875 0.0419921875 0.0517578125
4 0.66650390625 0.66455078125 0.0419921875 0.0517578125
2 0.68701171875 0.548828125 0.0263671875 0.0234375
3 0.6298828125 0.4853515625 0.017578125 0.021484375
7 0.275390625 0.59033203125 0.0234375 0.0439453125
8 0.5146484375 0.49755859375 0.021484375 0.0224609375
