9 0.55029296875 0.568359375 0.0732421875 0.025390625
7 0.302734375 0.46533203125 0.01171875 0.0244140625
9 0.21630859375 0.52880859375 0.0634765625 0.0205078125
6 0.88671875 0.56982421875 0.05078125 0.0419921875
6 0.3515625 0.6513671875 0.05078125 0.05859375
3 0.14990234375 0.60107421875 0.0263671875 0.0478515625
0 0.681640625 0.537109375 0.021484375 0.03125
2 0.93408203125 0.5966796875 0.0419921875 0.029296875
0 0.31884765625 0.478515625 0.0126953125 0.0234375
0 0.7744140625 0.51220703125 0.029296875 0.0166015625
