0 0.82568359375 0.4775390625 0.0166015625 0.029296875
1 0.38037109375 0.4736328125 0.0244140625 0.029296875
5 0.90673828125 0.5517578125 0.0498046875 0.046875
5 0.30322265625 0.44580078125 0.0341796875 0.0263671875
10 0.72998046875 0.50634765625 0.0205078125 0.0322265625
8 0.53369140625 0.44970703125 0.0205078125 0.0244140625
3 0.52294921875 0.7109375 0.0478515625 0.08203125
7 0.013671875 0.625 0.080078125 0.0703125
6 0.21533203125 0.46630859375 0.0400390625 0.0283203125
8 0.41064453125 0.57958984375 0.0439453125 0.0458984375
3 0.3828125 0.5712890625 0.037109375 0.05078125
0 0.22705078125 0.70654296875 0.0478515625 0.0693359375
