9 0.7763671875 0.52392578125 0.052734375 0.0263671875
7 0.15966796875 0.5791015625 0.0478515625 0.041015625
9 0.40380859375 0.515625 0.0302734375 0.02734375
6 0.251953125 0.5341796875 0.0390625 0.029296875
4 0.3134765625 0.494140625 0.021484375 0.01171875
6 0.95703125 0.52978515625 0.03125 0.0263671875
6 0.4814453125 0.5380859375 0.03515625 0.029296875
6 0.396484375 0.52490234375 0.03125 0.0302734375
0 0.44189453125 0.56787109375 0.0224609375 0.0205078125
10 0.8525390625 0.62060546875 0.0859375 0.0283203125
