1 0.63818359375 0.49951171875 0.0185546875 0.0205078125
3 0.55224609375 0.68359375 0.0322265625 0.048828125
1 0.62744140625 0.61669921875 0.0283203125 0.0341796875
0 0.494140625 0.53466796875 0.015625 0.0244140625
8 0.33837890625 0.5458984375 0.0185546875 0.025390625
3 0.20166015625 0.51953125 0.0126953125 0.025390625
8 0.56201171875 0.53076171875 0.0244140625 0.0244140625
5 0.458984375 0.51513671875 0.02734375 0.0244140625
8 0.5048828125 0.5791015625 0.02734375 0.029296875
2 0.4130859375 0.5400390625 0.017578125 0.01953125
0 0.6796875 0.48974609375 0.013671875 0.0205078125
2 0.59912109375 0.49560546875 0.0166015625 0.0146484375
3 0.94384765625 0.537109375 0.0283203125 0.02734375
0 0.29833984375 0.51171875 0.0126953125 0.021484375
8 0.21337890625 0.57861328125 0.0166015625 0.0283203125
