10 0.49267578125 0.55517578125 0.0458984375 0.0380859375
7 0.5654296875 0.80517578125 0.072265625 0.0908203125
7 0.53466796875 0.44921875 0.0283203125 0.02734375
4 0.6015625 0.4755859375 0.025390625 0.02734375
3 0.78515625 0.54150390625 0.037109375 0.0380859375
3 0.10498046875 0.509765625 0.0205078125 0.033203125
1 0.54052734375 0.431640625 0.0205078125 0.021484375
2 0.4130859375 0.46630859375 0.021484375 0.0205078125
8 0.67138671875 0.69677734375 0.0634765625 0.0517578125
3 0.73291015625 0.52685546875 0.0341796875 0.0361328125
2 0.34033203125 0.5205078125 0.0244140625 0.025390625
