6 0.330078125 0.53857421875 0.046875 0.0322265625
7 0.90234375 0.55078125 0.021484375 0.037109375
3 0.4873046875 0.53564453125 0.0234375 0.0283203125
8 0.75 0.5361328125 0.017578125 0.025390625
0 0.12060546875 0.53125 0.0224609375 0.02734375
6 0.2998046875 0.544921875 0.0546875 0.037109375
0 0.1767578125 0.53466796875 0.0234375 0.0302734375
2 0.2138671875 0.5361328125 0.029296875 0.017578125
0 0.44580078125 0.52685546875 0.0146484375 0.0205078125
1 0.36962890625 0.53173828125 0.0244140625 0.0244140625
9 0.7060546875 0.53173828125 0.01953125 0.0224609375
10 0.75048828125 0.537109375 0.0185546875 0.015625
1 0.54541015625 0.533203125 0.0205078125 0.025390625
0 0.2666015625 0.53173828125 0.01953125 0.0263671875
