9 0.67041015625 0.52978515625 0.0576171875 0.0341796875
6 0.62890625 0.529296875 0.048828125 0.033203125
1 0.2021484375 0.54443359375 0.029296875 0.0380859375
10 0.296875 0.59326171875 0.07421875 0.0537109375
9 0.2236328125 0.5517578125 0.044921875 0.046875
9 0.05908203125 0.55712890625 0.0361328125 0.0498046875
0 0.7353515625 0.52392578125 0.0234375 0.0302734375
6 0.4033203125 0.5302734375 0.04296875 0.03125
6 0.888671875 0.54345703125 0.072265625 0.0458984375
2 0.72265625 0.56591796875 0.05859375 0.0380859375
1 0.47705078125 0.515625 0.0205078125 0.021484375
2 0.6220703125 0.51904296875 0.0234375 0.0146484375
9 0.4794921875 0.52099609375 0.03515625 0.0263671875
0 0.3837890625 0.517578125 0.015625 0.021484375
10 0.6513671875 0.56640625 0.087890625 0.041015625
