9 0.6650390625 0.51318359375 0.046875 0.0224609375
7 0.3837890625 0.58984375 0.033203125 0.046875
9 0.3349609375 0.53125 0.021484375 0.029296875
6 0.26416015625 0.5546875 0.0361328125 0.033203125
4 0.11865234375 0.52734375 0.0263671875 0.013671875
6 0.78857421875 0.5068359375 0.0302734375 0.021484375
6 0.49951171875 0.5380859375 0.0361328125 0.029296875
6 0.37548828125 0.53564453125 0.0283203125 0.0322265625
0 0.5615234375 0.5595703125 0.0234375 0.01953125
10 0.97900390625 0.5546875 0.0673828125 0.01953125
