4 0.36376953125 0.5283203125 0.0146484375 0.029296875
4 0.25439453125 0.466796875 0.0146484375 0.0234375
2 0.5810546875 0.51123046875 0.017578125 0.0224609375
2 0.9208984375 0.58740234375 0.025390625 0.0361328125
2 0.1416015625 0.59375 0.0234375 0.029296875
4 0.63232421875 0.75830078125 0.0302734375 0.0517578125
4 0.2216796875 0.49853515625 0.025390625 0.0185546875
9 0.54345703125 0.50830078125 0.0537109375 0.0263671875
4 0.71337890625 0.61083984375 0.0361328125 0.0283203125
10 0.767578125 0.47216796875 0.029296875 0.0224609375
