3 0.06884765625 0.53173828125 0.0244140625 0.0322265625
4 0.794921875 0.498046875 0.021484375 0.0234375
7 0.669921875 0.65380859375 0.056640625 0.0732421875
0 0.583984375 0.6328125 0.033203125 0.0546875
4 0.3154296875 0.50732421875 0.013671875 0.0244140625
9 0.150390625 0.54736328125 0.029296875 0.0400390625
5 0.36767578125 0.54736328125 0.0361328125 0.0361328125
4 0.251953125 0.50732421875 0.015625 0.0244140625
3 0.1572265625 0.51611328125 0.01953125 0.0283203125
5 0.8056640625 0.564453125 0.0546875 0.041015625
7 0.4833984375 0.5419921875 0.0234375 0.037109375
6 0.75341796875 0.50927734375 0.0361328125 0.0263671875
0 0.64990234375 0.5048828125 0.0166015625 0.0234375
10 0.7197265625 0.623046875 0.060546875 0.05078125
