6 0.0166015625 0.5439453125 0.052734375 0.03515625
1 0.3232421875 0.583984375 0.029296875 0.0390625
0 0.64208984375 0.501953125 0.0166015625 0.029296875
6 0.46923828125 0.72607421875 0.0595703125 0.0576171875
5 0.06005859375 0.50830078125 0.0458984375 0.0341796875
7 0.11962890625 0.525390625 0.0380859375 0.041015625
7 0.68017578125 0.466796875 0.0166015625 0.03125
4 0.474609375 0.470703125 0.015625 0.02734375
6 0.80810546875 0.6435546875 0.0576171875 0.046875
6 0.921875 0.716796875 0.07421875 0.056640625
1 0.92529296875 0.53271484375 0.0283203125 0.0322265625
1 0.46630859375 0.6650390625 0.0283203125 0.048828125
0 0.57763671875 0.435546875 0.0107421875 0.021484375
2 0.431640625 0.50927734375 0.01953125 0.0244140625
4 0.72216796875 0.576171875 0.0244140625 0.041015625
