2 0.72314453125 0.85888671875 0.0810546875 0.0771484375
10 0.2470703125 0.48779296875 0.064453125 0.0478515625
6 0.53271484375 0.41064453125 0.0498046875 0.0419921875
6 0.43798828125 0.3134765625 0.0400390625 0.03125
5 0.66357421875 1.005859375 0.1201171875 0.140625
2 0.1826171875 0.3740234375 0.03125 0.02734375
2 0.595703125 0.69091796875 0.0625 0.0576171875
3 0.52783203125 0.447265625 0.0419921875 0.044921875
5 0.45263671875 0.38037109375 0.0478515625 0.0419921875
2 0.46484375 0.29541015625 0.02734375 0.0205078125
4 0.595703125 0.96337890625 0.0859375 0.0966796875
