0 0.02783203125 0.51025390625 0.0166015625 0.0263671875
4 0.2236328125 0.54052734375 0.021484375 0.0322265625
6 0.40185546875 0.66845703125 0.0654296875 0.0576171875
10 0.29296875 0.50537109375 0.0234375 0.0224609375
7 0.4658203125 0.58544921875 0.0390625 0.0478515625
7 0.48876953125 0.4755859375 0.0224609375 0.0234375
9 0.50439453125 0.50439453125 0.0322265625 0.0322265625
1 0.34619140625 0.63232421875 0.0341796875 0.0478515625
8 0.212890625 0.79150390625 0.048828125 0.0771484375
3 0.552734375 0.47607421875 0.01953125 0.0224609375
5 0.81787109375 0.51416015625 0.0439453125 0.0322265625
0 0.80859375 0.54931640625 0.025390625 0.0341796875
5 0.439453125 0.52197265625 0.037109375 0.0322265625
7 0.74365234375 0.48828125 0.0322265625 0.02734375
