3 0.787109375 0.521484375 0.02734375 0.025390625
8 0.97607421875 0.54443359375 0.0810546875 0.0517578125
6 0.11572265625 0.541015625 0.0458984375 0.0390625
10 0.38232421875 0.529296875 0.0244140625 0.017578125
9 1.001953125 0.57666015625 0.16796875 0.0927734375
8 0.85205078125 0.54541015625 0.0732421875 0.0517578125
10 0.65234375 0.53271484375 0.04296875 0.0224609375
2 0.4873046875 0.52783203125 0.01953125 0.0166015625
7 0.123046875 0.546875 0.02734375 0.046875
6 0.50732421875 0.5263671875 0.0380859375 0.02734375
1 0.712890625 0.525390625 0.029296875 0.029296875
6 0.2392578125 0.5302734375 0.03515625 0.029296875
6 0.0966796875 0.5380859375 0.04296875 0.03515625
