2 0.46044921875 0.6162109375 0.0341796875 0.033203125
5 0.99951171875 0.607421875 0.0654296875 0.048828125
10 0.37158203125 0.5166015625 0.0283203125 0.0234375
6 0.58544921875 0.5048828125 0.0341796875 0.025390625
6 0.583984375 0.47216796875 0.02734375 0.0205078125
5 0.36865234375 0.63232421875 0.0556640625 0.0517578125
2 0.38720703125 0.4833984375 0.0166015625 0.015625
2 0.470703125 0.57763671875 0.029296875 0.0283203125
3 0.5576171875 0.51416015625 0.0234375 0.0283203125
5 0.55029296875 0.49267578125 0.0322265625 0.0244140625
9 0.00537109375 0.5439453125 0.0185546875 0.037109375
2 0.6171875 0.46875 0.017578125 0.013671875
4 0.35498046875 0.62255859375 0.0322265625 0.0458984375
