3 0.83984375 0.56884765625 0.03125 0.0400390625
7 0.0908203125 0.58935546875 0.0390625 0.0478515625
1 0.12451171875 0.484375 0.0205078125 0.0234375
7 0.00341796875 0.759765625 0.0712890625 0.08984375
0 0.54833984375 0.5107421875 0.0146484375 0.02734375
7 0.84814453125 0.474609375 0.0244140625 0.025390625
6 0.37109375 0.58349609375 0.041015625 0.0380859375
3 0.9169921875 0.55078125 0.03125 0.037109375
1 0.49853515625 0.4755859375 0.0126953125 0.021484375
2 0.91845703125 0.56689453125 0.0322265625 0.0283203125
7 0.34326171875 0.47705078125 0.0146484375 0.0263671875
5 0.48291015625 0.484375 0.0244140625 0.025390625
2 0.26611328125 0.55615234375 0.0224609375 0.0263671875
5 1.0068359375 0.60107421875 0.0625 0.0458984375
