9 0.10693359375 0.8525390625 0.1728515625 0.193359375
7 0.4833984375 0.498046875 0.05078125 0.037109375
0 0.619140625 0.47607421875 0.021484375 0.0302734375
9 1.0048828125 0.4892578125 0.083984375 0.0390625
6 -0.0048828125 0.79931640625 0.154296875 0.1357421875
5 0.33447265625 0.482421875 0.0439453125 0.03125
1 0.3056640625 0.50146484375 0.03515625 0.0341796875
8 0.5185546875 0.45849609375 0.037109375 0.0244140625
9 0.54150390625 0.46044921875 0.0478515625 0.0263671875
7 0.9970703125 0.53271484375 0.083984375 0.0517578125
10 0.34326171875 0.55419921875 0.0771484375 0.0400390625
