2 0.4970703125 0.49658203125 0.025390625 0.0146484375
6 0.52294921875 0.46484375 0.0263671875 0.021484375
3 0.7939453125 0.58837890625 0.041015625 0.0380859375
0 0.6318359375 0.48779296875 0.015625 0.0224609375
1 0.4267578125 0.58837890625 0.02734375 0.0341796875
8 0.53173828125 0.58447265625 0.0556640625 0.0380859375
3 0.49267578125 0.4755859375 0.0166015625 0.0234375
7 0.2177734375 0.57080078125 0.03515625 0.0283203125
1 0.34130859375 0.57275390625 0.0224609375 0.0380859375
1 0.568359375 0.68896484375 0.044921875 0.0400390625
