10 0.4873046875 0.5556640625 0.03515625 0.03515625
6 0.98193359375 0.60205078125 0.0537109375 0.0380859375
7 0.46484375 0.7763671875 0.046875 0.07421875
7 0.5625 0.45166015625 0.0234375 0.0263671875
9 0.01708984375 0.49560546875 0.0166015625 0.0341796875
4 0.61328125 0.48046875 0.021484375 0.025390625
3 0.9765625 0.625 0.04296875 0.04296875
3 0.75048828125 0.5537109375 0.0302734375 0.03515625
3 0.17138671875 0.49853515625 0.0166015625 0.0283203125
1 0.5751953125 0.43310546875 0.017578125 0.0205078125
2 0.4482421875 0.46484375 0.017578125 0.017578125
8 0.58984375 0.6923828125 0.044921875 0.04296875
3 0.70947265625 0.537109375 0.0283203125 0.033203125
2 0.3671875 0.51708984375 0.01953125 0.0224609375
