7 0.86474609375 0.6640625 0.0263671875 0.060546875
6 0.82275390625 0.4833984375 0.0283203125 0.025390625
3 0.2880859375 0.4560546875 0.021484375 0.0234375
1 0.47021484375 0.5029296875 0.0224609375 0.02734375
4 0.7412109375 0.50634765625 0.017578125 0.0283203125
9 0.2021484375 0.49365234375 0.04296875 0.0341796875
4 0.06640625 0.54638671875 0.037109375 0.0341796875
4 0.447265625 0.4892578125 0.021484375 0.02734375
6 0.99169921875 0.73095703125 0.0634765625 0.0576171875
3 0.2548828125 0.47900390625 0.025390625 0.0263671875
9 0.12548828125 0.56982421875 0.0615234375 0.0498046875
7 0.32763671875 0.5361328125 0.0361328125 0.0390625
5 0.890625 0.65625 0.048828125 0.0546875
7 0.66650390625 0.697265625 0.0380859375 0.068359375
1 0.7861328125 0.5419921875 0.01953125 0.03125
