0 0.04345703125 0.666015625 0.0302734375 0.04296875
2 0.419921875 0.47509765625 0.013671875 0.0185546875
7 0.82373046875 0.5263671875 0.0341796875 0.037109375
0 0.27099609375 0.47705078125 0.0146484375 0.0244140625
6 0.7578125 0.67919921875 0.05859375 0.0458984375
5 0.3271484375 0.44970703125 0.0234375 0.0244140625
2 0.49169921875 0.6396484375 0.0244140625 0.037109375
0 0.2041015625 0.4873046875 0.015625 0.025390625
6 0.12255859375 0.560546875 0.0419921875 0.033203125
8 0.8134765625 0.7138671875 0.052734375 0.048828125
7 0.83203125 0.443359375 0.025390625 0.025390625
8 0.291015625 0.57373046875 0.01953125 0.0341796875
3 0.4150390625 0.75830078125 0.029296875 0.0654296875
0 0.634765625 0.45361328125 0.013671875 0.0224609375
