10 0.39111328125 0.3779296875 0.0439453125 0.029296875
1 0.3798828125 0.35205078125 0.025390625 0.0263671875
6 0.064453125 0.54345703125 0.068359375 0.0498046875
0 0.47216796875 0.50439453125 0.0263671875 0.0400390625
2 0.62939453125 0.55712890625 0.0380859375 0.0400390625
5 0.916015625 0.83984375 0.091796875 0.10546875
6 0.693359375 0.44140625 0.044921875 0.037109375
9 0.86669921875 0.62353515625 0.0537109375 0.0810546875
4 0.9365234375 0.55419921875 0.033203125 0.0478515625
4 0.04931640625 0.48291015625 0.0458984375 0.0419921875
1 0.2080078125 0.58251953125 0.052734375 0.0478515625
2 0.26123046875 0.4638671875 0.0380859375 0.03125
