4 0.251953125 0.5927734375 0.04296875 0.044921875
9 0.404296875 0.482421875 0.044921875 0.037109375
0 0.35302734375 0.51953125 0.0224609375 0.033203125
2 0.08837890625 0.51953125 0.0380859375 0.02734375
6 0.81005859375 0.6875 0.0634765625 0.056640625
9 0.74560546875 0.5498046875 0.0400390625 0.048828125
7 0.29052734375 0.53515625 0.0478515625 0.04296875
9 0.39453125 0.60888671875 0.06640625 0.0615234375
6 0.841796875 0.75634765625 0.072265625 0.0673828125
0 0.587890625 0.4951171875 0.01953125 0.029296875
0 0.56787109375 0.56494140625 0.0244140625 0.0380859375
8 0.5458984375 0.421875 0.025390625 0.021484375
7 0.47119140625 0.45166015625 0.0302734375 0.0302734375
