8 0.7431640625 0.533203125 0.03515625 0.02734375
10 0.25244140625 0.53173828125 0.0146484375 0.0166015625
2 0.66748046875 0.53076171875 0.0224609375 0.0166015625
1 0.15234375 0.53515625 0.015625 0.025390625
4 0.46533203125 0.5224609375 0.0146484375 0.01953125
8 0.92578125 0.53466796875 0.044921875 0.0302734375
9 0.08349609375 0.5751953125 0.0380859375 0.056640625
0 0.27783203125 0.54296875 0.0185546875 0.03125
9 0.17041015625 0.5546875 0.0224609375 0.041015625
0 0.0791015625 0.52978515625 0.013671875 0.0224609375
10 0.9755859375 0.537109375 0.056640625 0.021484375
10 0.7744140625 0.525390625 0.033203125 0.015625
10 0.44091796875 0.5341796875 0.0244140625 0.017578125
5 0.498046875 0.56103515625 0.05859375 0.0458984375
