3 0.81591796875 0.57421875 0.0361328125 0.0390625
6 0.64453125 0.55078125 0.04296875 0.033203125
7 0.59814453125 0.46826171875 0.0224609375 0.0244140625
0 0.23388671875 0.55908203125 0.0185546875 0.0322265625
5 0.33935546875 0.474609375 0.0263671875 0.0234375
2 0.86328125 0.6689453125 0.048828125 0.041015625
6 0.30029296875 0.64208984375 0.0498046875 0.0458984375
10 0.23828125 0.48388671875 0.015625 0.0205078125
1 0.02294921875 0.53173828125 0.0185546875 0.0283203125
8 0.19775390625 0.509765625 0.0166015625 0.025390625
10 0.341796875 0.517578125 0.0234375 0.025390625
6 0.99169921875 0.59521484375 0.0595703125 0.0400390625
4 0.4638671875 0.46875 0.015625 0.021484375
