8 0.76171875 0.55810546875 0.01953125 0.0361328125
10 0.39013671875 0.4990234375 0.0263671875 0.017578125
2 0.76171875 0.53369140625 0.015625 0.0224609375
1 0.2509765625 0.50537109375 0.0234375 0.0244140625
4 0.6337890625 0.49560546875 0.013671875 0.0224609375
8 0.95947265625 0.5888671875 0.0361328125 0.04296875
0 0.23974609375 0.5361328125 0.0224609375 0.03125
9 0.0576171875 0.55419921875 0.064453125 0.0439453125
7 0.8056640625 0.689453125 0.041015625 0.0859375
0 0.26025390625 0.48681640625 0.0146484375 0.0205078125
10 0.95947265625 0.5283203125 0.0263671875 0.0234375
10 0.5087890625 0.52099609375 0.025390625 0.0224609375
5 0.1767578125 0.607421875 0.072265625 0.0546875
