4 0.4990234375 0.54833984375 0.041015625 0.0498046875
9 0.20703125 0.57177734375 0.046875 0.0751953125
9 0.26513671875 0.53662109375 0.0263671875 0.0341796875
0 0.34375 0.54052734375 0.0234375 0.0380859375
2 0.01025390625 0.5625 0.0341796875 0.03515625
6 0.98828125 0.533203125 0.0625 0.0390625
9 0.685546875 0.52978515625 0.044921875 0.0302734375
7 0.34033203125 0.5439453125 0.0341796875 0.04296875
9 0.6513671875 0.54345703125 0.064453125 0.0458984375
0 0.4560546875 0.53125 0.01953125 0.029296875
0 0.6337890625 0.53515625 0.025390625 0.03515625
9 0.76806640625 0.52099609375 0.0361328125 0.0224609375
8 0.19482421875 0.529296875 0.0146484375 0.0234375
7 0.22607421875 0.53271484375 0.0185546875 0.0283203125
