10 0.2529296875 0.3671875 0.0390625 0.03515625
1 0.21923828125 0.33837890625 0.0263671875 0.0283203125
6 0.037109375 0.6328125 0.080078125 0.0546875
0 0.453125 0.5078125 0.025390625 0.041015625
2 0.63916015625 0.54150390625 0.0263671875 0.0419921875
6 0.6064453125 0.40478515625 0.037109375 0.0341796875
9 0.8916015625 0.57568359375 0.037109375 0.0791015625
4 0.8935546875 0.49365234375 0.02734375 0.0439453125
1 0.2431640625 0.6513671875 0.048828125 0.052734375
2 0.189453125 0.4921875 0.037109375 0.037109375
