3 0.97119140625 0.72021484375 0.0458984375 0.0634765625
5 0.8017578125 0.46630859375 0.033203125 0.0302734375
8 0.6201171875 0.44580078125 0.013671875 0.0244140625
5 0.10009765625 0.7236328125 0.0751953125 0.06640625
4 0.62451171875 0.48828125 0.0146484375 0.029296875
1 0.14794921875 0.4619140625 0.0244140625 0.025390625
3 0.14404296875 0.6162109375 0.0380859375 0.048828125
2 0.73046875 0.51708984375 0.01953125 0.0263671875
5 0.54296875 0.55322265625 0.037109375 0.0400390625
7 0.5537109375 0.47412109375 0.015625 0.0341796875
3 0.02490234375 0.666015625 0.0478515625 0.056640625
5 0.52685546875 0.4765625 0.0302734375 0.03125
9 0.5068359375 0.4609375 0.017578125 0.03515625
