6 0.8095703125 0.5478515625 0.078125 0.05078125
7 0.8623046875 0.52685546875 0.046875 0.0302734375
1 0.85302734375 0.53076171875 0.0400390625 0.0341796875
3 0.09033203125 0.5400390625 0.0205078125 0.033203125
5 0.4267578125 0.53515625 0.044921875 0.033203125
1 0.65380859375 0.53125 0.0322265625 0.03125
1 0.06884765625 0.5498046875 0.0263671875 0.041015625
9 0.57080078125 0.52392578125 0.0341796875 0.0224609375
0 0.46484375 0.5302734375 0.01953125 0.02734375
2 0.69677734375 0.525390625 0.0244140625 0.015625
7 0.1826171875 0.537109375 0.0234375 0.03125
