0 0.458984375 0.43994140625 0.01953125 0.0263671875
1 0.12158203125 0.52099609375 0.0341796875 0.0380859375
5 0.71240234375 0.4677734375 0.0458984375 0.03515625
10 0.49365234375 0.47119140625 0.0537109375 0.0263671875
8 0.13525390625 0.4697265625 0.0341796875 0.029296875
3 0.94482421875 0.486328125 0.0439453125 0.037109375
1 0.63623046875 0.74609375 0.0810546875 0.080078125
7 0.60791015625 0.716796875 0.1025390625 0.09375
8 0.60400390625 0.56982421875 0.0673828125 0.0478515625
3 0.58154296875 0.5712890625 0.0517578125 0.052734375
0 0.9736328125 0.65966796875 0.046875 0.0654296875
