4 0.34423828125 0.5107421875 0.0400390625 0.041015625
8 0.478515625 0.62548828125 0.0859375 0.0810546875
1 0.09912109375 0.50634765625 0.0458984375 0.0400390625
8 0.60400390625 0.513671875 0.0400390625 0.0390625
1 0.06005859375 0.515625 0.0517578125 0.04296875
4 0.72021484375 0.5107421875 0.0283203125 0.0390625
9 0.3837890625 0.57763671875 0.09375 0.0771484375
0 0.310546875 0.48681640625 0.0234375 0.0322265625
7 0.79736328125 0.49609375 0.0263671875 0.03515625
2 0.81103515625 0.53173828125 0.0302734375 0.0322265625
