1 0.30810546875 0.6357421875 0.0263671875 0.041015625
6 0.70703125 0.4775390625 0.029296875 0.0234375
10 0.18798828125 0.68212890625 0.0458984375 0.0576171875
1 0.84521484375 0.54443359375 0.0263671875 0.0302734375
5 0.43115234375 0.45556640625 0.0224609375 0.0224609375
7 0.69091796875 0.45166015625 0.0166015625 0.0244140625
0 0.1015625 0.56005859375 0.0234375 0.0322265625
10 0.4912109375 0.634765625 0.021484375 0.048828125
7 0.4931640625 0.49560546875 0.013671875 0.0302734375
3 0.02294921875 0.669921875 0.0419921875 0.052734375
5 0.47265625 0.666015625 0.044921875 0.052734375
2 0.57470703125 0.64208984375 0.0244140625 0.0361328125
6 0.73486328125 0.466796875 0.0283203125 0.021484375
10 0.62158203125 0.47705078125 0.0185546875 0.0224609375
8 0.2685546875 0.568359375 0.025390625 0.033203125
