9 0.6142578125 0.482421875 0.044921875 0.0234375
5 0.3095703125 0.5185546875 0.033203125 0.029296875
8 0.33935546875 0.5 0.0205078125 0.0234375
1 0.330078125 0.7158203125 0.064453125 0.041015625
8 0.2333984375 0.62744140625 0.041015625 0.0380859375
0 0.357421875 0.51953125 0.017578125 0.02734375
7 0.42529296875 0.5625 0.0556640625 0.0234375
5 0.64892578125 0.59619140625 0.0498046875 0.0498046875
1 0.8271484375 0.55859375 0.033203125 0.0234375
9 0.748046875 0.47021484375 0.037109375 0.0146484375
