6 0.33349609375 0.55712890625 0.0673828125 0.0478515625
4 0.4560546875 0.53369140625 0.029296875 0.0146484375
4 0.6767578125 0.52685546875 0.017578125 0.0224609375
4 0.2958984375 0.54833984375 0.04296875 0.0205078125
5 0.06640625 0.52685546875 0.044921875 0.0283203125
1 0.60546875 0.52685546875 0.01953125 0.0224609375
7 0.505859375 0.52734375 0.041015625 0.025390625
2 0.9267578125 0.53125 0.017578125 0.025390625
7 0.80322265625 0.5546875 0.0615234375 0.021484375
4 0.05029296875 0.54443359375 0.0439453125 0.0205078125
