3 0.755859375 0.59228515625 0.02734375 0.0498046875
9 0.65478515625 0.5068359375 0.0166015625 0.037109375
5 0.31103515625 0.4970703125 0.0380859375 0.03125
9 0.52001953125 0.46923828125 0.0185546875 0.0283203125
5 0.8154296875 0.66259765625 0.068359375 0.0673828125
5 0.134765625 0.5087890625 0.044921875 0.033203125
5 0.15869140625 0.765625 0.1064453125 0.09375
4 0.72021484375 0.50537109375 0.0166015625 0.0302734375
2 0.43798828125 0.47021484375 0.0166015625 0.0166015625
7 0.47705078125 0.5556640625 0.0283203125 0.046875
5 0.19091796875 0.5087890625 0.0439453125 0.033203125
10 0.75634765625 0.498046875 0.0205078125 0.025390625
