0 0.42822265625 0.5234375 0.0166015625 0.02734375
6 0.4931640625 0.5380859375 0.0390625 0.03125
8 0.400390625 0.52294921875 0.0234375 0.0263671875
6 0.60205078125 0.4990234375 0.0322265625 0.0234375
2 0.47607421875 0.58056640625 0.0283203125 0.0283203125
3 0.564453125 0.53076171875 0.025390625 0.0302734375
0 0.720703125 0.5009765625 0.017578125 0.0234375
3 0.58740234375 0.58056640625 0.0322265625 0.0400390625
1 0.5498046875 0.48388671875 0.017578125 0.0205078125
3 0.52978515625 0.537109375 0.0244140625 0.03125
1 0.4990234375 0.50146484375 0.01953125 0.0244140625
2 0.515625 0.5634765625 0.02734375 0.025390625
7 0.42724609375 0.560546875 0.0302734375 0.0390625
10 0.16015625 0.65380859375 0.029296875 0.0517578125
0 0.35009765625 0.59423828125 0.0244140625 0.0380859375
