6 0.130859375 0.55517578125 0.0546875 0.0380859375
4 0.7353515625 0.47705078125 0.015625 0.0263671875
10 0.6376953125 0.48583984375 0.015625 0.0263671875
3 0.58740234375 0.52197265625 0.0185546875 0.0361328125
1 0.3984375 0.47705078125 0.01953125 0.0263671875
1 0.435546875 0.50634765625 0.021484375 0.0302734375
4 0.60888671875 0.52587890625 0.0185546875 0.0341796875
7 0.4609375 0.46337890625 0.01953125 0.0283203125
4 0.59765625 0.68896484375 0.03125 0.0615234375
3 0.02294921875 0.53173828125 0.0380859375 0.0380859375
1 0.4765625 0.470703125 0.017578125 0.025390625
