5 0.15966796875 0.9306640625 0.1181640625 0.12109375
2 0.1728515625 0.71533203125 0.060546875 0.0615234375
6 0.77001953125 0.46923828125 0.0439453125 0.0400390625
1 0.01708984375 0.3955078125 0.0380859375 0.03125
6 0.37890625 0.36767578125 0.0390625 0.0302734375
0 0.5439453125 0.4013671875 0.01953125 0.03125
1 0.88232421875 0.4912109375 0.0244140625 0.0390625
4 0.58349609375 0.4365234375 0.0263671875 0.037109375
8 0.82470703125 0.60302734375 0.0322265625 0.0498046875
8 0.44970703125 0.62060546875 0.0517578125 0.0517578125
6 0.03466796875 0.53173828125 0.0693359375 0.0478515625
5 0.99267578125 0.4404296875 0.0419921875 0.04296875
