9 0.6591796875 0.529296875 0.0546875 0.03125
6 0.6201171875 0.529296875 0.046875 0.03125
1 0.224609375 0.5419921875 0.029296875 0.03515625
10 0.349609375 0.57666015625 0.076171875 0.0458984375
9 0.2529296875 0.54736328125 0.046875 0.0419921875
9 0.1005859375 0.5517578125 0.0390625 0.044921875
0 0.7177734375 0.52490234375 0.021484375 0.0283203125
6 0.4052734375 0.53125 0.041015625 0.029296875
6 0.86572265625 0.537109375 0.0654296875 0.041015625
2 0.72119140625 0.5556640625 0.0537109375 0.033203125
1 0.46484375 0.51953125 0.01953125 0.01953125
2 0.60498046875 0.52197265625 0.0224609375 0.0146484375
9 0.4716796875 0.52392578125 0.03515625 0.0244140625
0 0.3759765625 0.52197265625 0.015625 0.0205078125
10 0.65576171875 0.55615234375 0.0830078125 0.0361328125
