1 0.0361328125 0.5166015625 0.05859375 0.046875
7 0.99755859375 0.5029296875 0.0380859375 0.044921875
5 0.2568359375 0.677734375 0.1171875 0.103515625
9 0.984375 0.47607421875 0.037109375 0.0400390625
0 0.21728515625 0.73046875 0.0673828125 0.09765625
0 0.560546875 0.49951171875 0.029296875 0.0419921875
1 0.71875 0.59228515625 0.0546875 0.0615234375
9 0.044921875 0.53271484375 0.111328125 0.0634765625
7 0.04833984375 0.7763671875 0.1728515625 0.14453125
8 0.2255859375 0.5009765625 0.06640625 0.04296875
0 0.23388671875 0.4736328125 0.0283203125 0.037109375
0 0.43994140625 0.486328125 0.0283203125 0.0390625
