4 0.66357421875 0.62841796875 0.1083984375 0.1123046875
9 0.09814453125 0.5380859375 0.0517578125 0.064453125
0 0.26171875 0.56201171875 0.046875 0.0712890625
9 0.7216796875 0.50146484375 0.080078125 0.0478515625
7 0.27978515625 0.58984375 0.0830078125 0.095703125
9 0.87060546875 0.58056640625 0.1650390625 0.1005859375
0 0.3876953125 0.5078125 0.03125 0.044921875
0 0.7119140625 0.52783203125 0.04296875 0.0576171875
9 0.73046875 0.46630859375 0.05078125 0.0283203125
7 0.02099609375 0.51513671875 0.0341796875 0.0478515625
