6 0.48095703125 0.61669921875 0.0439453125 0.0380859375
8 0.89990234375 0.48193359375 0.0341796875 0.0244140625
7 0.93408203125 0.548828125 0.0439453125 0.0390625
3 0.50830078125 0.5439453125 0.0224609375 0.033203125
8 0.65185546875 0.48779296875 0.0263671875 0.0244140625
0 0.1494140625 0.625 0.021484375 0.037109375
6 0.58203125 0.6689453125 0.052734375 0.044921875
0 0.28076171875 0.63232421875 0.0224609375 0.0380859375
2 0.2333984375 0.59814453125 0.01953125 0.0302734375
0 0.2880859375 0.48193359375 0.013671875 0.0244140625
1 0.34375 0.544921875 0.01953125 0.029296875
9 0.55517578125 0.46337890625 0.0244140625 0.0283203125
10 0.603515625 0.46728515625 0.02734375 0.0224609375
1 0.4921875 0.51123046875 0.01953125 0.0263671875
0 0.28271484375 0.5791015625 0.0185546875 0.033203125
