0 0.32861328125 0.509765625 0.0380859375 0.052734375
6 0.49560546875 0.53955078125 0.0830078125 0.0654296875
8 0.27001953125 0.51220703125 0.0595703125 0.0537109375
6 0.55517578125 0.43701171875 0.0537109375 0.0400390625
2 0.6181640625 0.68115234375 0.091796875 0.0791015625
3 0.603515625 0.509765625 0.056640625 0.05859375
0 0.73974609375 0.43017578125 0.0283203125 0.0380859375
3 0.88623046875 0.66064453125 0.1044921875 0.1025390625
1 0.43408203125 0.41455078125 0.0322265625 0.0322265625
3 0.56396484375 0.5302734375 0.0595703125 0.064453125
1 0.3974609375 0.45166015625 0.0390625 0.0400390625
2 0.625 0.607421875 0.076171875 0.0625
7 0.443359375 0.6240234375 0.09765625 0.099609375
0 0.3837890625 0.802734375 0.080078125 0.123046875
