4 0.591796875 0.49658203125 0.021484375 0.0263671875
0 0.4990234375 0.4951171875 0.015625 0.025390625
3 0.39453125 0.49609375 0.017578125 0.02734375
9 0.064453125 0.53173828125 0.021484375 0.0380859375
10 0.71240234375 0.63427734375 0.0595703125 0.0498046875
10 0.6328125 0.57666015625 0.044921875 0.0380859375
7 0.35205078125 0.5068359375 0.0205078125 0.03125
8 0.580078125 0.48876953125 0.025390625 0.0244140625
3 0.013671875 0.58251953125 0.025390625 0.0400390625
7 0.73193359375 0.63232421875 0.0517578125 0.0556640625
4 0.98291015625 0.58056640625 0.0419921875 0.0380859375
8 0.83544921875 0.490234375 0.0341796875 0.025390625
5 0.6435546875 0.5458984375 0.04296875 0.037109375
2 0.1376953125 0.5810546875 0.01953125 0.029296875
4 0.43017578125 0.54443359375 0.0224609375 0.0322265625
