6 0.71728515625 0.48095703125 0.0302734375 0.0322265625
0 0.54248046875 0.5673828125 0.0322265625 0.0234375
4 0.81494140625 0.8857421875 0.0712890625 0.0703125
3 0.4755859375 0.44384765625 0.01953125 0.0263671875
9 0.0283203125 0.49462890625 0.033203125 0.0634765625
6 0.44189453125 0.560546875 0.0419921875 0.04296875
2 0.3740234375 0.41357421875 0.013671875 0.0224609375
4 0.64453125 0.67431640625 0.03515625 0.0478515625
7 0.00927734375 0.708984375 0.0810546875 0.048828125
3 0.9091796875 0.4892578125 0.01953125 0.029296875
