3 0.74609375 0.5048828125 0.03515625 0.021484375
4 0.171875 0.8330078125 0.068359375 0.06640625
7 0.58203125 0.564453125 0.044921875 0.041015625
3 0.51904296875 0.57080078125 0.0302734375 0.0400390625
3 0.517578125 0.447265625 0.0234375 0.0234375
4 0.49658203125 0.4453125 0.0224609375 0.013671875
4 0.4873046875 0.48388671875 0.02734375 0.0263671875
5 0.4140625 0.49462890625 0.033203125 0.0322265625
0 0.6875 0.49755859375 0.01953125 0.0263671875
2 0.07568359375 0.8291015625 0.0517578125 0.052734375
