1 0.0986328125 0.54150390625 0.048828125 0.0419921875
7 0.87060546875 0.4736328125 0.0283203125 0.041015625
6 0.935546875 0.4521484375 0.037109375 0.033203125
5 0.3984375 0.70947265625 0.08203125 0.0810546875
9 0.85400390625 0.43798828125 0.0283203125 0.0380859375
0 0.40185546875 0.7626953125 0.0439453125 0.068359375
0 0.529296875 0.490234375 0.0234375 0.03515625
1 0.6904296875 0.59521484375 0.037109375 0.0478515625
9 0.123046875 0.560546875 0.083984375 0.064453125
7 0.3125 0.8115234375 0.09375 0.109375
5 0.96435546875 0.59814453125 0.0576171875 0.0595703125
8 0.2470703125 0.509765625 0.052734375 0.0390625
0 0.2333984375 0.470703125 0.025390625 0.033203125
0 0.4208984375 0.47802734375 0.0234375 0.0341796875
