3 0.36474609375 0.54052734375 0.0166015625 0.0322265625
5 0.79248046875 0.67236328125 0.0576171875 0.0517578125
4 0.8798828125 0.6162109375 0.033203125 0.0390625
2 0.75927734375 0.47265625 0.0244140625 0.015625
3 0.62451171875 0.56396484375 0.0244140625 0.0341796875
9 0.3525390625 0.509765625 0.01953125 0.033203125
8 0.30615234375 0.52392578125 0.0263671875 0.0439453125
0 0.32763671875 0.5615234375 0.0283203125 0.01953125
8 0.6572265625 0.5078125 0.025390625 0.021484375
7 0.1337890625 0.49462890625 0.015625 0.0283203125
