3 0.7724609375 0.580078125 0.046875 0.0703125
9 0.75146484375 0.52587890625 0.0341796875 0.0419921875
5 0.3447265625 0.509765625 0.048828125 0.033203125
9 0.63134765625 0.50390625 0.0302734375 0.029296875
5 0.751953125 0.638671875 0.119140625 0.111328125
5 0.13720703125 0.5087890625 0.0537109375 0.03515625
4 0.8427734375 0.52734375 0.025390625 0.0390625
2 0.5380859375 0.50439453125 0.0234375 0.0185546875
7 0.43896484375 0.54345703125 0.0576171875 0.0537109375
5 0.1953125 0.5107421875 0.052734375 0.03515625
10 0.908203125 0.52880859375 0.0234375 0.0283203125
