4 0.63330078125 0.46875 0.0224609375 0.025390625
4 0.568359375 0.62060546875 0.04296875 0.0302734375
10 0.322265625 0.76171875 0.056640625 0.07421875
6 0.0947265625 0.57080078125 0.0390625 0.0419921875
10 0.7568359375 0.4697265625 0.048828125 0.017578125
2 0.85009765625 0.5537109375 0.0263671875 0.037109375
4 0.67138671875 0.46533203125 0.0205078125 0.0263671875
9 0.1357421875 0.74365234375 0.037109375 0.0888671875
1 0.5595703125 0.48046875 0.029296875 0.02734375
9 0.11767578125 0.50341796875 0.0283203125 0.0263671875
