10 0.6328125 0.53857421875 0.021484375 0.0302734375
6 0.93212890625 0.60205078125 0.0419921875 0.0478515625
4 0.6875 0.56689453125 0.017578125 0.0361328125
3 0.41064453125 0.490234375 0.0166015625 0.029296875
2 0.30322265625 0.49267578125 0.0224609375 0.0185546875
4 0.04296875 0.70068359375 0.05859375 0.0419921875
4 0.42626953125 0.47216796875 0.0166015625 0.0244140625
7 0.46484375 0.52099609375 0.033203125 0.0244140625
1 0.876953125 0.8017578125 0.05859375 0.0546875
0 0.41796875 0.455078125 0.013671875 0.021484375
