2 0.65234375 0.63232421875 0.09375 0.0673828125
10 0.24609375 0.525390625 0.056640625 0.03125
6 0.55615234375 0.50048828125 0.0517578125 0.0361328125
6 0.486328125 0.47900390625 0.0390625 0.0263671875
5 0.53173828125 0.671875 0.1513671875 0.126953125
2 0.22265625 0.498046875 0.02734375 0.021484375
2 0.54931640625 0.57861328125 0.0673828125 0.0478515625
3 0.54052734375 0.5087890625 0.0419921875 0.0390625
5 0.48193359375 0.494140625 0.0478515625 0.033203125
2 0.51806640625 0.47802734375 0.0263671875 0.0166015625
4 0.46337890625 0.65478515625 0.0986328125 0.1044921875
