6 0.19091796875 0.54150390625 0.0439453125 0.0302734375
4 0.6865234375 0.5224609375 0.013671875 0.021484375
10 0.6044921875 0.52685546875 0.01171875 0.0166015625
10 0.0244140625 0.59716796875 0.080078125 0.0439453125
3 0.57080078125 0.533203125 0.0146484375 0.02734375
1 0.39453125 0.5224609375 0.015625 0.021484375
1 0.4365234375 0.52978515625 0.017578125 0.0244140625
4 0.59033203125 0.53369140625 0.0146484375 0.0263671875
7 0.4453125 0.51953125 0.015625 0.021484375
4 0.61572265625 0.56884765625 0.0224609375 0.0419921875
8 0.14892578125 0.603515625 0.0634765625 0.056640625
3 0.08544921875 0.537109375 0.0283203125 0.029296875
10 0.95068359375 0.5419921875 0.0341796875 0.021484375
1 0.4609375 0.52099609375 0.013671875 0.0205078125
