4 0.9736328125 0.81005859375 0.05078125 0.0791015625
10 0.58251953125 0.5029296875 0.0419921875 0.029296875
5 0.6953125 0.4912109375 0.0390625 0.033203125
0 0.62744140625 0.4814453125 0.0185546875 0.02734375
10 0.9638671875 0.4931640625 0.02734375 0.02734375
5 0.61865234375 0.6982421875 0.0751953125 0.072265625
6 0.09619140625 0.56494140625 0.0595703125 0.0439453125
8 0.2734375 0.4912109375 0.04296875 0.029296875
3 0.23388671875 0.4658203125 0.0302734375 0.029296875
0 0.87841796875 0.5634765625 0.0263671875 0.037109375
4 0.931640625 0.55029296875 0.02734375 0.0380859375
1 0.7734375 0.53466796875 0.029296875 0.0341796875
6 0.1787109375 0.494140625 0.044921875 0.033203125
