9 0.91943359375 0.55126953125 0.0302734375 0.0380859375
10 0.72412109375 0.5537109375 0.0185546875 0.02734375
3 0.35546875 0.51904296875 0.021484375 0.0244140625
5 0.23388671875 0.5185546875 0.0361328125 0.025390625
8 0.29638671875 0.5625 0.0439453125 0.0390625
3 0.04052734375 0.5390625 0.0361328125 0.033203125
5 0.81005859375 0.5224609375 0.0283203125 0.025390625
4 0.94482421875 0.60107421875 0.0380859375 0.0537109375
7 0.84521484375 0.54345703125 0.0224609375 0.0341796875
0 0.8310546875 0.517578125 0.013671875 0.021484375
7 0.61865234375 0.53125 0.0185546875 0.029296875
9 0.95556640625 0.5625 0.0361328125 0.04296875
9 0.22314453125 0.50830078125 0.0302734375 0.0224609375
