6 0.58544921875 0.52783203125 0.0361328125 0.0244140625
10 0.7587890625 0.53173828125 0.048828125 0.0185546875
6 0.37158203125 0.52880859375 0.0302734375 0.0224609375
2 0.38427734375 0.53564453125 0.0224609375 0.0166015625
3 0.1103515625 0.548828125 0.02734375 0.041015625
9 0.52099609375 0.533203125 0.0419921875 0.029296875
4 0.669921875 0.52783203125 0.02734375 0.0263671875
5 0.62548828125 0.53466796875 0.0498046875 0.0341796875
7 0.68994140625 0.54296875 0.0595703125 0.044921875
4 0.81494140625 0.54736328125 0.0576171875 0.0517578125
2 0.70654296875 0.53564453125 0.0322265625 0.0205078125
3 0.587890625 0.52490234375 0.021484375 0.0205078125
7 0.2919921875 0.54541015625 0.037109375 0.0400390625
8 0.4765625 0.52783203125 0.025390625 0.0224609375
