4 0.5546875 0.65673828125 0.04296875 0.0537109375
9 0.37109375 0.84423828125 0.076171875 0.1220703125
9 0.26953125 0.52880859375 0.03515625 0.0498046875
0 0.3701171875 0.57177734375 0.025390625 0.0400390625
2 0.0986328125 0.70068359375 0.033203125 0.0498046875
6 0.94775390625 0.537109375 0.0576171875 0.0390625
9 0.65966796875 0.48193359375 0.0478515625 0.0419921875
7 0.38232421875 0.6064453125 0.0419921875 0.05859375
9 0.67578125 0.609375 0.068359375 0.06640625
0 0.43994140625 0.484375 0.0205078125 0.03125
0 0.63037109375 0.53271484375 0.0244140625 0.0361328125
9 0.70556640625 0.39599609375 0.0361328125 0.0283203125
8 0.15185546875 0.4423828125 0.0205078125 0.025390625
7 0.20751953125 0.48486328125 0.0263671875 0.0380859375
