9 0.2578125 0.56884765625 0.052734375 0.0595703125
7 0.90185546875 0.56884765625 0.0771484375 0.0576171875
2 0.267578125 0.49951171875 0.02734375 0.0244140625
0 0.1708984375 0.4921875 0.021484375 0.03125
0 0.4501953125 0.64013671875 0.041015625 0.0615234375
1 0.79052734375 0.68310546875 0.0751953125 0.0712890625
9 0.5771484375 0.57421875 0.07421875 0.0625
9 0.7294921875 0.47802734375 0.0546875 0.0361328125
5 -0.00927734375 0.55517578125 0.0537109375 0.0498046875
10 0.35205078125 0.48681640625 0.0380859375 0.0263671875
2 0.97314453125 0.51513671875 0.0458984375 0.0283203125
7 0.2666015625 0.53515625 0.0390625 0.046875
9 0.36572265625 0.494140625 0.0419921875 0.0390625
7 0.53515625 0.52197265625 0.046875 0.0439453125
