3 0.0888671875 0.5361328125 0.01953125 0.033203125
4 0.74169921875 0.45947265625 0.0205078125 0.0224609375
7 0.716796875 0.72216796875 0.056640625 0.0712890625
0 0.63623046875 0.69482421875 0.0302734375 0.0478515625
4 0.30419921875 0.484375 0.0146484375 0.025390625
9 0.18408203125 0.56298828125 0.0185546875 0.0458984375
5 0.38818359375 0.5576171875 0.0380859375 0.037109375
4 0.24267578125 0.4853515625 0.0146484375 0.025390625
3 0.1591796875 0.50439453125 0.015625 0.0283203125
5 0.78515625 0.5771484375 0.048828125 0.041015625
7 0.48974609375 0.544921875 0.0263671875 0.0390625
6 0.71142578125 0.48046875 0.0341796875 0.025390625
0 0.61572265625 0.47412109375 0.0146484375 0.0224609375
10 0.73876953125 0.66796875 0.0595703125 0.0546875
