1 0.2861328125 0.5849609375 0.037109375 0.046875
7 0.52734375 0.49560546875 0.029296875 0.0244140625
1 0.095703125 0.61572265625 0.037109375 0.0537109375
6 0.50830078125 0.48828125 0.0302734375 0.021484375
5 0.7958984375 0.56103515625 0.0625 0.0458984375
9 0.45068359375 0.4912109375 0.0302734375 0.0234375
0 0.873046875 0.564453125 0.033203125 0.04296875
0 0.41650390625 0.52392578125 0.0205078125 0.0302734375
1 0.68017578125 0.52490234375 0.0341796875 0.0322265625
9 0.37255859375 0.58203125 0.0576171875 0.0546875
7 0.92431640625 0.576171875 0.0751953125 0.052734375
5 0.75341796875 0.5078125 0.0419921875 0.029296875
8 0.28857421875 0.5595703125 0.0380859375 0.0390625
0 0.16064453125 0.5546875 0.0244140625 0.037109375
0 0.322265625 0.53271484375 0.021484375 0.0322265625
