6 0.125 0.76025390625 0.0859375 0.0810546875
4 0.50732421875 0.37158203125 0.0283203125 0.0322265625
10 0.43994140625 0.40625 0.0458984375 0.03515625
3 0.537109375 0.478515625 0.0390625 0.046875
1 0.1552734375 0.4658203125 0.03125 0.0390625
1 0.31982421875 0.50439453125 0.0361328125 0.0439453125
4 0.5673828125 0.47802734375 0.0390625 0.0439453125
7 0.18310546875 0.4208984375 0.0341796875 0.04296875
10 0.91064453125 0.40478515625 0.0673828125 0.0361328125
1 0.2275390625 0.4287109375 0.029296875 0.03515625
