4 0.6904296875 0.4892578125 0.01953125 0.0234375
4 0.53515625 0.65185546875 0.02734375 0.0458984375
8 0.15283203125 0.52001953125 0.0419921875 0.0263671875
4 0.572265625 0.5029296875 0.0234375 0.02734375
10 0.98388671875 0.60986328125 0.0341796875 0.0810546875
6 0.171875 0.51904296875 0.029296875 0.0283203125
6 0.86279296875 0.5556640625 0.0439453125 0.033203125
10 0.2431640625 0.51513671875 0.013671875 0.0244140625
9 0.75830078125 0.64990234375 0.0888671875 0.0341796875
8 0.3779296875 0.4892578125 0.015625 0.021484375
