7 0.98095703125 0.53271484375 0.0556640625 0.0341796875
6 0.57568359375 0.515625 0.0302734375 0.021484375
3 0.0234375 0.53564453125 0.015625 0.0283203125
1 0.3759765625 0.53173828125 0.0234375 0.0283203125
4 0.5830078125 0.52099609375 0.0234375 0.0244140625
9 0.060546875 0.546875 0.021484375 0.037109375
4 0.09521484375 0.56591796875 0.0283203125 0.0458984375
4 0.3154296875 0.53125 0.021484375 0.02734375
3 0.0712890625 0.54150390625 0.01953125 0.0322265625
9 0.27001953125 0.56396484375 0.0439453125 0.0498046875
7 0.35888671875 0.54443359375 0.0341796875 0.0361328125
5 0.9755859375 0.53125 0.052734375 0.033203125
7 0.97900390625 0.5439453125 0.0654296875 0.041015625
1 0.6923828125 0.5234375 0.02734375 0.025390625
