1 0.66650390625 0.5400390625 0.0224609375 0.02734375
0 0.40283203125 0.55419921875 0.0185546875 0.0322265625
3 0.880859375 0.54150390625 0.029296875 0.0283203125
6 0.26708984375 0.52978515625 0.0224609375 0.0244140625
6 0.79296875 0.5302734375 0.033203125 0.0234375
3 0.8994140625 0.56201171875 0.046875 0.0205078125
0 0.6494140625 0.54345703125 0.02734375 0.0146484375
7 0.384765625 0.52783203125 0.013671875 0.0400390625
1 0.0625 0.54345703125 0.021484375 0.0263671875
8 0.15380859375 0.52490234375 0.0146484375 0.0361328125
