3 0.83837890625 0.54150390625 0.0341796875 0.0341796875
7 0.13916015625 0.58837890625 0.0244140625 0.0478515625
1 0.03515625 0.51708984375 0.017578125 0.0244140625
7 0.2666015625 0.70458984375 0.04296875 0.0869140625
0 0.5166015625 0.51806640625 0.017578125 0.0263671875
7 0.7451171875 0.4873046875 0.025390625 0.021484375
6 0.42724609375 0.56982421875 0.0458984375 0.0380859375
3 0.8818359375 0.5283203125 0.033203125 0.03125
1 0.42529296875 0.498046875 0.0166015625 0.021484375
2 0.89453125 0.5390625 0.033203125 0.0234375
7 0.26953125 0.50390625 0.015625 0.025390625
1 0.06005859375 0.72705078125 0.0458984375 0.0732421875
5 0.421875 0.50439453125 0.029296875 0.0244140625
2 0.2822265625 0.56005859375 0.021484375 0.0263671875
