10 0.6162109375 0.521484375 0.025390625 0.0234375
0 0.81103515625 0.49658203125 0.0146484375 0.0205078125
6 0.1240234375 0.56591796875 0.03515625 0.0283203125
7 0.21240234375 0.6162109375 0.0224609375 0.04296875
5 0.39990234375 0.5859375 0.0341796875 0.03515625
6 0.24267578125 0.56396484375 0.0302734375 0.0283203125
3 0.77001953125 0.546875 0.0244140625 0.029296875
5 0.298828125 0.50341796875 0.0234375 0.0244140625
1 0.58740234375 0.5009765625 0.0166015625 0.021484375
10 0.33203125 0.64892578125 0.021484375 0.0439453125
9 0.53173828125 0.5146484375 0.0205078125 0.029296875
2 0.603515625 0.5185546875 0.017578125 0.017578125
4 0.431640625 0.50634765625 0.013671875 0.0224609375
2 0.755859375 0.564453125 0.025390625 0.0234375
2 0.59326171875 0.5185546875 0.0166015625 0.017578125
