9 0.32080078125 0.53955078125 0.0205078125 0.0283203125
7 0.72900390625 0.53955078125 0.0380859375 0.0322265625
2 0.37744140625 0.53564453125 0.0146484375 0.0146484375
0 0.31591796875 0.53173828125 0.0126953125 0.0205078125
0 0.38427734375 0.544921875 0.0205078125 0.033203125
1 0.5458984375 0.54833984375 0.03125 0.0380859375
9 0.50927734375 0.5400390625 0.0322265625 0.03125
9 0.72412109375 0.5302734375 0.0341796875 0.0234375
5 0.17578125 0.5380859375 0.029296875 0.025390625
10 0.44482421875 0.53466796875 0.0205078125 0.0146484375
2 0.8662109375 0.5380859375 0.029296875 0.017578125
7 0.34765625 0.5361328125 0.017578125 0.025390625
9 0.443359375 0.5322265625 0.021484375 0.0234375
7 0.53173828125 0.53515625 0.0244140625 0.025390625
