6 0.04052734375 0.6298828125 0.0595703125 0.052734375
1 0.71875 0.4716796875 0.033203125 0.03125
1 0.17138671875 0.552734375 0.0302734375 0.0390625
5 0.1572265625 0.44677734375 0.037109375 0.0322265625
9 0.607421875 0.42578125 0.04296875 0.033203125
0 0.48046875 0.416015625 0.017578125 0.025390625
0 0.857421875 0.52685546875 0.029296875 0.0380859375
10 0.72802734375 0.48486328125 0.0576171875 0.0341796875
0 0.8271484375 0.66259765625 0.0390625 0.0537109375
8 0.64306640625 0.84716796875 0.0927734375 0.0791015625
10 0.6572265625 0.455078125 0.048828125 0.029296875
10 0.1025390625 0.5419921875 0.037109375 0.041015625
6 0.87548828125 0.68359375 0.0810546875 0.0625
