0 0.51123046875 0.466796875 0.0166015625 0.021484375
1 0.21728515625 0.51806640625 0.0244140625 0.0283203125
5 0.70703125 0.4931640625 0.0390625 0.029296875
5 0.0244140625 0.513671875 0.037109375 0.03125
10 0.525390625 0.49169921875 0.041015625 0.0224609375
8 0.2412109375 0.4833984375 0.025390625 0.0234375
3 0.89111328125 0.51171875 0.0361328125 0.03125
1 0.50244140625 0.6591796875 0.0498046875 0.052734375
3 0.87158203125 0.583984375 0.0478515625 0.044921875
7 0.49365234375 0.64404296875 0.0615234375 0.0615234375
6 0.0283203125 0.54248046875 0.04296875 0.0341796875
8 0.96044921875 0.5283203125 0.0556640625 0.033203125
8 0.560546875 0.56103515625 0.046875 0.0361328125
3 0.54052734375 0.56103515625 0.0361328125 0.0400390625
0 0.78271484375 0.62353515625 0.0341796875 0.0478515625
