9 0.099609375 0.5615234375 0.037109375 0.048828125
7 0.53125 0.52978515625 0.029296875 0.0244140625
0 0.66357421875 0.525390625 0.0166015625 0.021484375
9 0.92529296875 0.52734375 0.0576171875 0.02734375
6 0.0810546875 0.55810546875 0.052734375 0.0439453125
5 0.45703125 0.52734375 0.029296875 0.021484375
1 0.4140625 0.5302734375 0.021484375 0.0234375
8 0.6259765625 0.5224609375 0.025390625 0.01953125
9 0.63818359375 0.5224609375 0.0322265625 0.01953125
5 0.43896484375 0.56884765625 0.0810546875 0.0595703125
7 0.81494140625 0.53466796875 0.0498046875 0.0322265625
10 0.3828125 0.54150390625 0.03515625 0.0205078125
