5 0.03271484375 0.56982421875 0.0517578125 0.0400390625
4 0.89990234375 0.72265625 0.0322265625 0.052734375
10 0.55712890625 0.505859375 0.0322265625 0.025390625
5 0.64794921875 0.49365234375 0.0322265625 0.0283203125
0 0.5888671875 0.486328125 0.015625 0.0234375
10 0.86474609375 0.48876953125 0.0205078125 0.0224609375
5 0.63818359375 0.66015625 0.0537109375 0.052734375
6 0.17724609375 0.57275390625 0.0498046875 0.0361328125
8 0.291015625 0.50341796875 0.03515625 0.0263671875
3 0.244140625 0.48046875 0.025390625 0.025390625
0 0.8076171875 0.55029296875 0.01953125 0.0302734375
4 0.84619140625 0.53857421875 0.0205078125 0.0302734375
1 0.720703125 0.529296875 0.021484375 0.02734375
6 0.2099609375 0.50830078125 0.0390625 0.0283203125
