4 0.6416015625 0.52392578125 0.021484375 0.0283203125
1 0.20068359375 0.5185546875 0.0146484375 0.025390625
5 0.267578125 0.64794921875 0.0390625 0.0458984375
6 0.68994140625 0.53662109375 0.0361328125 0.0283203125
5 0.73046875 0.46337890625 0.029296875 0.0244140625
2 0.3212890625 0.5439453125 0.015625 0.0234375
6 0.7119140625 0.53271484375 0.037109375 0.0283203125
0 0.7568359375 0.60888671875 0.0234375 0.0341796875
1 0.6923828125 0.6201171875 0.029296875 0.03515625
0 0.63818359375 0.49072265625 0.0146484375 0.0224609375
8 0.2294921875 0.54833984375 0.015625 0.0283203125
8 0.3046875 0.61572265625 0.01953125 0.0341796875
10 0.72119140625 0.4951171875 0.0302734375 0.025390625
10 0.18017578125 0.53759765625 0.0166015625 0.0302734375
0 0.349609375 0.50439453125 0.013671875 0.0244140625
