3 0.19775390625 0.3681640625 0.0283203125 0.0390625
3 0.49609375 0.5693359375 0.044921875 0.060546875
0 0.7763671875 0.29345703125 0.021484375 0.0283203125
0 0.35009765625 0.39697265625 0.0244140625 0.0361328125
10 0.658203125 0.48681640625 0.068359375 0.0556640625
9 0.8779296875 0.40673828125 0.072265625 0.0556640625
4 0.7958984375 0.5400390625 0.05078125 0.052734375
4 0.00244140625 0.52685546875 0.0341796875 0.0498046875
5 0.0791015625 0.48095703125 0.0546875 0.0556640625
2 0.3291015625 0.94091796875 0.064453125 0.0869140625
0 0.09814453125 0.80029296875 0.0458984375 0.0654296875
