3 0.8427734375 0.31494140625 0.037109375 0.0400390625
6 -0.00048828125 0.61083984375 0.0693359375 0.0634765625
10 0.34033203125 0.330078125 0.0322265625 0.04296875
8 1.009765625 0.83984375 0.119140625 0.103515625
10 0.68896484375 0.423828125 0.0595703125 0.056640625
2 0.47119140625 0.32177734375 0.0263671875 0.0302734375
7 0.009765625 0.73388671875 0.046875 0.1083984375
6 0.50048828125 0.36962890625 0.0478515625 0.0419921875
1 0.76025390625 0.38330078125 0.0400390625 0.0400390625
6 0.1611328125 0.40625 0.046875 0.044921875
