10 0.49462890625 0.5478515625 0.0400390625 0.02734375
6 0.9501953125 0.55615234375 0.046875 0.0322265625
7 0.56591796875 0.681640625 0.0537109375 0.05859375
7 0.5234375 0.47802734375 0.025390625 0.0224609375
9 -0.00146484375 0.5244140625 0.0205078125 0.03125
4 0.58203125 0.4951171875 0.021484375 0.0234375
3 0.95458984375 0.56982421875 0.0380859375 0.0361328125
3 0.7353515625 0.53515625 0.029296875 0.029296875
3 0.16064453125 0.52099609375 0.0185546875 0.0263671875
1 0.52734375 0.46630859375 0.017578125 0.0185546875
2 0.4189453125 0.4912109375 0.01953125 0.015625
8 0.642578125 0.625 0.048828125 0.0390625
3 0.693359375 0.52685546875 0.02734375 0.0283203125
9 0.04345703125 0.671875 0.0361328125 0.060546875
2 0.36328125 0.52734375 0.021484375 0.01953125
