7 0.30322265625 0.4833984375 0.0400390625 0.029296875
2 0.38818359375 0.556640625 0.0458984375 0.033203125
0 0.45947265625 0.48828125 0.0205078125 0.02734375
6 0.81787109375 0.49169921875 0.0361328125 0.0283203125
2 0.98486328125 0.51416015625 0.0224609375 0.0224609375
5 0.3671875 0.47412109375 0.037109375 0.0263671875
9 0.1484375 0.50634765625 0.068359375 0.0380859375
0 0.986328125 0.87890625 0.08203125 0.140625
1 0.4580078125 0.7314453125 0.087890625 0.095703125
8 0.35302734375 0.72021484375 0.1162109375 0.0927734375
