3 0.79833984375 0.53564453125 0.0400390625 0.0380859375
9 0.51953125 0.49267578125 0.041015625 0.0322265625
5 0.19873046875 0.529296875 0.0419921875 0.037109375
9 0.29150390625 0.47900390625 0.0302734375 0.0283203125
5 0.96923828125 0.56640625 0.0634765625 0.046875
5 0.046875 0.56884765625 0.048828125 0.0439453125
5 0.91796875 0.71630859375 0.09765625 0.0830078125
4 0.55908203125 0.48583984375 0.0263671875 0.0263671875
2 0.2060546875 0.49072265625 0.01953125 0.0185546875
7 0.54296875 0.5478515625 0.044921875 0.04296875
5 0.11474609375 0.55859375 0.0478515625 0.04296875
10 0.55029296875 0.4775390625 0.0380859375 0.021484375
