6 0.95263671875 0.45703125 0.0302734375 0.03515625
1 0.0341796875 0.5439453125 0.05078125 0.029296875
4 0.4267578125 0.46630859375 0.0234375 0.0302734375
4 0.85498046875 0.7724609375 0.0341796875 0.068359375
2 0.35595703125 0.49755859375 0.0361328125 0.0244140625
6 0.447265625 0.70361328125 0.060546875 0.0732421875
1 0.3017578125 0.4521484375 0.033203125 0.01953125
9 0.8525390625 0.529296875 0.02734375 0.080078125
9 0.30615234375 0.69189453125 0.1064453125 0.0634765625
3 0.46435546875 0.51953125 0.0263671875 0.0390625
