10 0.05029296875 0.552734375 0.0244140625 0.0390625
5 0.7451171875 0.50439453125 0.048828125 0.0380859375
6 0.208984375 0.50732421875 0.0390625 0.0341796875
10 0.68115234375 0.53857421875 0.0576171875 0.0380859375
7 0.9248046875 0.53369140625 0.05859375 0.0458984375
8 0.5361328125 0.509765625 0.037109375 0.033203125
1 0.10205078125 0.53759765625 0.0224609375 0.0361328125
5 0.060546875 0.48828125 0.03515625 0.033203125
0 0.67919921875 0.45703125 0.0185546875 0.025390625
5 0.45361328125 0.68994140625 0.0771484375 0.0771484375
