4 0.88037109375 0.5029296875 0.0244140625 0.0234375
5 0.90380859375 0.53466796875 0.0458984375 0.0322265625
9 0.869140625 0.5078125 0.041015625 0.02734375
2 0.3759765625 0.5859375 0.025390625 0.029296875
3 0.53515625 0.49072265625 0.015625 0.0205078125
9 0.24755859375 0.57666015625 0.0224609375 0.0458984375
8 0.2421875 0.50732421875 0.013671875 0.0224609375
7 0.4755859375 0.50048828125 0.01953125 0.0244140625
3 0.1328125 0.51904296875 0.015625 0.0263671875
4 0.224609375 0.5859375 0.021484375 0.041015625
4 0.5908203125 0.5576171875 0.02734375 0.03515625
5 0.0693359375 0.64453125 0.0625 0.05859375
0 0.1494140625 0.64697265625 0.029296875 0.0517578125
3 0.3623046875 0.51171875 0.015625 0.025390625
