1 0.31591796875 0.58935546875 0.0302734375 0.0380859375
7 0.5341796875 0.48828125 0.025390625 0.0234375
1 0.16455078125 0.61865234375 0.0302734375 0.0439453125
6 0.5185546875 0.478515625 0.02734375 0.01953125
5 0.744140625 0.56787109375 0.052734375 0.0400390625
9 0.4658203125 0.48095703125 0.02734375 0.0224609375
0 0.806640625 0.57275390625 0.02734375 0.0361328125
0 0.43017578125 0.52197265625 0.0185546875 0.0263671875
1 0.65966796875 0.52587890625 0.0283203125 0.0283203125
9 0.38671875 0.58642578125 0.046875 0.0478515625
7 0.8427734375 0.5859375 0.05859375 0.046875
5 0.73193359375 0.50537109375 0.0361328125 0.0263671875
8 0.31787109375 0.56201171875 0.0322265625 0.0341796875
0 0.21142578125 0.55517578125 0.0205078125 0.0322265625
0 0.34765625 0.53173828125 0.01953125 0.0283203125
