2 0.12109375 0.533203125 0.029296875 0.017578125
5 1.01220703125 0.5400390625 0.0322265625 0.025390625
8 0.1865234375 0.53369140625 0.044921875 0.0302734375
8 0.1552734375 0.52880859375 0.037109375 0.0244140625
5 0.77197265625 0.53662109375 0.0302734375 0.0244140625
10 0.4453125 0.5322265625 0.02734375 0.013671875
4 0.60546875 0.5478515625 0.033203125 0.041015625
6 0.4501953125 0.5361328125 0.041015625 0.029296875
8 0.49169921875 0.5380859375 0.0341796875 0.03125
7 0.32421875 0.529296875 0.029296875 0.021484375
4 0.45947265625 0.53173828125 0.0205078125 0.0224609375
7 0.48828125 0.54052734375 0.037109375 0.0341796875
9 0.0810546875 0.5341796875 0.064453125 0.033203125
8 0.7060546875 0.53271484375 0.017578125 0.0205078125
