10 0.47021484375 0.5458984375 0.0302734375 0.02734375
7 0.2685546875 0.61279296875 0.03515625 0.0732421875
7 0.61669921875 0.51513671875 0.0244140625 0.0244140625
9 0.01220703125 0.5234375 0.0263671875 0.02734375
4 0.66015625 0.5224609375 0.0234375 0.02734375
3 0.79296875 0.5439453125 0.03515625 0.037109375
3 0.162109375 0.52490234375 0.017578125 0.0263671875
1 0.64111328125 0.5107421875 0.0185546875 0.021484375
2 0.482421875 0.52099609375 0.017578125 0.0166015625
8 0.50732421875 0.5849609375 0.0439453125 0.052734375
3 0.7490234375 0.53857421875 0.03125 0.0341796875
2 0.3603515625 0.53369140625 0.017578125 0.0205078125
