7 0.62353515625 0.529296875 0.0205078125 0.029296875
6 0.173828125 0.50830078125 0.033203125 0.0224609375
0 0.8115234375 0.5341796875 0.015625 0.02734375
9 0.94677734375 0.578125 0.0322265625 0.046875
5 0.650390625 0.515625 0.02734375 0.0234375
1 0.5546875 0.51904296875 0.017578125 0.0244140625
3 0.1552734375 0.51318359375 0.025390625 0.0244140625
8 0.8857421875 0.521484375 0.015625 0.0234375
9 0.88232421875 0.5234375 0.0166015625 0.02734375
7 0.97607421875 0.658203125 0.0498046875 0.076171875
7 0.63232421875 0.57861328125 0.0302734375 0.0458984375
10 0.39697265625 0.53466796875 0.0341796875 0.0224609375
