0 0.21240234375 0.43212890625 0.0146484375 0.0224609375
4 0.283203125 0.50244140625 0.021484375 0.0302734375
6 0.16552734375 0.70751953125 0.0595703125 0.0439453125
10 0.412109375 0.45458984375 0.01953125 0.0263671875
7 0.36083984375 0.60693359375 0.0283203125 0.0498046875
7 0.63525390625 0.4345703125 0.0126953125 0.02734375
9 0.57568359375 0.48681640625 0.0146484375 0.0380859375
1 0.19384765625 0.6513671875 0.0341796875 0.0390625
3 0.693359375 0.4443359375 0.013671875 0.025390625
5 0.85205078125 0.560546875 0.0419921875 0.0390625
0 0.73828125 0.6201171875 0.021484375 0.037109375
5 0.4794921875 0.50537109375 0.03125 0.0322265625
6 1.00537109375 0.91162109375 0.0849609375 0.0634765625
7 0.85107421875 0.49853515625 0.0244140625 0.0361328125
