1 0.63671875 0.71630859375 0.064453125 0.0634765625
6 0.51904296875 0.42138671875 0.0380859375 0.0283203125
10 0.6728515625 0.8447265625 0.13671875 0.107421875
1 0.7978515625 0.46044921875 0.037109375 0.0322265625
5 0.16162109375 0.45068359375 0.0419921875 0.0341796875
7 0.43505859375 0.3984375 0.0322265625 0.02734375
0 0.05712890625 0.71142578125 0.0439453125 0.0615234375
10 0.79052734375 0.64111328125 0.1025390625 0.0615234375
7 0.3662109375 0.48291015625 0.04296875 0.0400390625
3 0.4267578125 0.9443359375 0.0859375 0.115234375
5 0.89599609375 0.68359375 0.0849609375 0.078125
2 0.876953125 0.62255859375 0.05859375 0.0439453125
6 0.51318359375 0.40625 0.0361328125 0.02734375
10 0.431640625 0.43603515625 0.044921875 0.0263671875
8 0.333984375 0.64501953125 0.0625 0.0537109375
