8 0.724609375 0.56298828125 0.02734375 0.0341796875
10 0.44287109375 0.4951171875 0.0283203125 0.017578125
2 0.7607421875 0.5380859375 0.01953125 0.021484375
1 0.306640625 0.4990234375 0.0234375 0.0234375
4 0.67822265625 0.49609375 0.0166015625 0.021484375
8 0.8818359375 0.59912109375 0.025390625 0.0419921875
0 0.2646484375 0.5283203125 0.021484375 0.029296875
9 0.0947265625 0.54052734375 0.060546875 0.0380859375
7 0.60009765625 0.68505859375 0.0556640625 0.0771484375
0 0.3330078125 0.48095703125 0.013671875 0.0185546875
10 0.97509765625 0.60791015625 0.0263671875 0.0419921875
10 0.9736328125 0.5380859375 0.017578125 0.025390625
10 0.529296875 0.51953125 0.03125 0.021484375
5 0.14501953125 0.59130859375 0.0634765625 0.0478515625
