1 0.65478515625 0.505859375 0.0185546875 0.021484375
3 0.5048828125 0.67138671875 0.03125 0.0517578125
1 0.60791015625 0.61083984375 0.0283203125 0.0361328125
0 0.4931640625 0.53515625 0.015625 0.025390625
8 0.32958984375 0.54345703125 0.0166015625 0.0263671875
3 0.201171875 0.51904296875 0.013671875 0.0244140625
8 0.56640625 0.53271484375 0.0234375 0.0244140625
5 0.46337890625 0.517578125 0.0283203125 0.025390625
8 0.4912109375 0.5751953125 0.025390625 0.03125
2 0.4091796875 0.5390625 0.017578125 0.01953125
0 0.70166015625 0.498046875 0.0146484375 0.01953125
2 0.6162109375 0.5029296875 0.017578125 0.015625
3 0.97314453125 0.54296875 0.0302734375 0.029296875
0 0.30126953125 0.5126953125 0.0126953125 0.021484375
8 0.19091796875 0.5703125 0.0185546875 0.029296875
