8 0.76904296875 0.5068359375 0.0224609375 0.0234375
9 0.76708984375 0.5068359375 0.0537109375 0.0234375
7 0.6259765625 0.6455078125 0.068359375 0.029296875
4 0.814453125 0.6279296875 0.048828125 0.041015625
1 0.4482421875 0.59619140625 0.037109375 0.0361328125
3 0.0390625 0.50341796875 0.021484375 0.0244140625
9 0.322265625 0.50244140625 0.017578125 0.0283203125
5 0.45703125 0.56787109375 0.033203125 0.0361328125
6 0.6982421875 0.5546875 0.03515625 0.037109375
9 0.30078125 0.48876953125 0.046875 0.0205078125
