7 0.4091796875 0.509765625 0.021484375 0.021484375
3 0.0712890625 0.5478515625 0.04296875 0.0390625
4 0.25341796875 0.5185546875 0.0244140625 0.025390625
9 0.03515625 0.556640625 0.078125 0.046875
5 0.4697265625 0.51318359375 0.029296875 0.0224609375
10 0.40576171875 0.52685546875 0.0322265625 0.0205078125
9 1.0009765625 0.564453125 0.0390625 0.046875
0 0.13232421875 0.56005859375 0.0322265625 0.0419921875
4 0.33203125 0.5234375 0.025390625 0.02734375
4 0.15234375 0.568359375 0.048828125 0.046875
4 0.80908203125 0.537109375 0.0166015625 0.03125
2 0.91552734375 0.5263671875 0.0166015625 0.017578125
5 0.3876953125 0.54638671875 0.05078125 0.0380859375
