6 0.03955078125 0.5458984375 0.0458984375 0.0390625
1 0.7470703125 0.52587890625 0.03125 0.0283203125
0 0.90673828125 0.5625 0.0498046875 0.0625
1 0.1904296875 0.537109375 0.021484375 0.033203125
5 0.23828125 0.525390625 0.029296875 0.0234375
9 0.6630859375 0.52099609375 0.037109375 0.0244140625
0 0.54638671875 0.52001953125 0.0166015625 0.0224609375
0 0.85498046875 0.5322265625 0.0283203125 0.03515625
10 0.75048828125 0.5322265625 0.0517578125 0.021484375
0 0.73486328125 0.5498046875 0.0361328125 0.048828125
8 0.44580078125 0.572265625 0.0634765625 0.064453125
10 0.697265625 0.52783203125 0.04296875 0.0185546875
10 0.140625 0.541015625 0.021484375 0.0234375
6 0.775390625 0.55224609375 0.078125 0.0517578125
