5 0.693359375 0.66552734375 0.060546875 0.0556640625
2 0.5107421875 0.6279296875 0.03125 0.03515625
6 0.00537109375 0.61865234375 0.0478515625 0.0400390625
6 0.57421875 0.486328125 0.03125 0.025390625
6 0.2099609375 0.48876953125 0.02734375 0.0244140625
0 0.37744140625 0.4833984375 0.0146484375 0.0234375
1 0.64453125 0.4833984375 0.021484375 0.0234375
4 0.44287109375 0.4931640625 0.0185546875 0.025390625
8 0.70361328125 0.52197265625 0.0341796875 0.0283203125
8 0.55419921875 0.56640625 0.0322265625 0.033203125
6 0.19873046875 0.5986328125 0.0400390625 0.0390625
5 0.6533203125 0.4580078125 0.029296875 0.0234375
