6 0.634765625 0.505859375 0.03125 0.025390625
10 0.77392578125 0.54150390625 0.0341796875 0.0302734375
6 0.47265625 0.470703125 0.0234375 0.021484375
2 0.44482421875 0.5029296875 0.0126953125 0.01953125
3 0.1025390625 0.587890625 0.02734375 0.0390625
9 0.52099609375 0.537109375 0.0205078125 0.0390625
4 0.69482421875 0.52490234375 0.0205078125 0.0283203125
5 0.56591796875 0.5771484375 0.0380859375 0.037109375
7 0.50439453125 0.6591796875 0.0263671875 0.056640625
4 0.5283203125 0.7255859375 0.029296875 0.0546875
2 0.6787109375 0.56396484375 0.0234375 0.0263671875
3 0.68408203125 0.4736328125 0.0166015625 0.0234375
7 0.23291015625 0.59619140625 0.0263671875 0.0458984375
8 0.55615234375 0.48486328125 0.0166015625 0.0224609375
