10 0.79443359375 0.60205078125 0.0380859375 0.0576171875
7 0.2919921875 0.5146484375 0.029296875 0.025390625
7 0.25146484375 0.5146484375 0.0302734375 0.025390625
10 0.640625 0.5712890625 0.0390625 0.041015625
5 0.388671875 0.53369140625 0.048828125 0.0361328125
2 0.22802734375 0.548828125 0.0400390625 0.029296875
7 0.6474609375 0.5419921875 0.02734375 0.041015625
4 0.5341796875 0.5673828125 0.0390625 0.0546875
1 0.86669921875 0.52490234375 0.0185546875 0.0283203125
3 0.53564453125 0.52685546875 0.0224609375 0.0302734375
10 0.7451171875 0.55810546875 0.025390625 0.0341796875
8 0.125 0.52001953125 0.0390625 0.0283203125
10 0.36669921875 0.5234375 0.0341796875 0.01953125
5 0.70751953125 0.56396484375 0.0576171875 0.0537109375
3 0.890625 0.546875 0.02734375 0.041015625
