3 0.818359375 0.46337890625 0.025390625 0.0283203125
8 0.90283203125 0.65478515625 0.0673828125 0.0537109375
6 0.1513671875 0.5478515625 0.044921875 0.0390625
10 0.4248046875 0.4609375 0.01953125 0.0234375
9 0.8037109375 0.84814453125 0.109375 0.1435546875
8 0.7841796875 0.650390625 0.05859375 0.052734375
10 0.6650390625 0.50390625 0.037109375 0.03125
2 0.5244140625 0.4599609375 0.017578125 0.01953125
7 0.1455078125 0.5849609375 0.03125 0.0546875
6 0.53466796875 0.47705078125 0.0341796875 0.0283203125
1 0.73095703125 0.48779296875 0.0263671875 0.0302734375
6 0.2822265625 0.4833984375 0.03125 0.029296875
6 0.142578125 0.521484375 0.041015625 0.03515625
0 0.9765625 0.83544921875 0.060546875 0.0810546875
