7 0.65673828125 0.51220703125 0.0322265625 0.0419921875
6 0.20947265625 0.41943359375 0.0361328125 0.0263671875
0 0.87939453125 0.54150390625 0.0224609375 0.0361328125
9 0.9658203125 0.73779296875 0.041015625 0.0908203125
5 0.7197265625 0.46044921875 0.03515625 0.0322265625
1 0.599609375 0.470703125 0.0234375 0.029296875
3 0.1787109375 0.435546875 0.029296875 0.029296875
9 0.994140625 0.5009765625 0.0234375 0.04296875
7 0.5556640625 0.70947265625 0.0546875 0.0751953125
10 0.39404296875 0.51123046875 0.0478515625 0.0361328125
