4 0.138671875 0.55078125 0.029296875 0.048828125
10 0.23388671875 0.42626953125 0.0302734375 0.0419921875
7 0.4677734375 0.7119140625 0.056640625 0.087890625
7 0.47802734375 0.34423828125 0.0283203125 0.0361328125
9 0.5029296875 0.43408203125 0.04296875 0.0537109375
1 0.30419921875 0.8974609375 0.0498046875 0.072265625
3 0.55712890625 0.3466796875 0.0244140625 0.033203125
5 0.90673828125 0.46875 0.0595703125 0.048828125
0 0.91552734375 0.5869140625 0.0380859375 0.046875
5 0.42236328125 0.4892578125 0.0498046875 0.05078125
7 0.79931640625 0.38720703125 0.0439453125 0.0419921875
