3 0.7626953125 0.44873046875 0.0234375 0.0263671875
8 0.84375 0.64697265625 0.052734375 0.0419921875
6 0.20166015625 0.5556640625 0.0361328125 0.03515625
10 0.41259765625 0.45068359375 0.0205078125 0.0244140625
9 0.78173828125 0.81298828125 0.0830078125 0.1044921875
8 0.75146484375 0.64501953125 0.0478515625 0.0419921875
10 0.63525390625 0.49609375 0.0341796875 0.03125
2 0.5029296875 0.44775390625 0.017578125 0.0185546875
7 0.212890625 0.59521484375 0.021484375 0.0498046875
6 0.517578125 0.46923828125 0.03125 0.0263671875
1 0.6904296875 0.47802734375 0.0234375 0.0263671875
6 0.29296875 0.48046875 0.029296875 0.02734375
6 0.1826171875 0.5263671875 0.033203125 0.03125
8 0.04052734375 0.70556640625 0.0361328125 0.0478515625
0 0.90234375 0.79931640625 0.04296875 0.0576171875
