2 0.458984375 0.546875 0.03125 0.0234375
5 0.96044921875 0.53466796875 0.0595703125 0.0361328125
10 0.37646484375 0.537109375 0.0263671875 0.015625
6 0.57958984375 0.52978515625 0.0322265625 0.0224609375
6 0.57958984375 0.52685546875 0.0263671875 0.0185546875
5 0.37451171875 0.54443359375 0.0517578125 0.0380859375
2 0.390625 0.53271484375 0.015625 0.0126953125
2 0.4697265625 0.54248046875 0.02734375 0.0205078125
3 0.55322265625 0.53125 0.0224609375 0.0234375
5 0.54638671875 0.529296875 0.0302734375 0.021484375
9 0.0302734375 0.54052734375 0.015625 0.0263671875
2 0.611328125 0.5283203125 0.017578125 0.01171875
4 0.361328125 0.54345703125 0.029296875 0.0361328125
