2 0.5869140625 0.505859375 0.025390625 0.013671875
6 0.673828125 0.47900390625 0.0234375 0.0224609375
3 0.6513671875 0.6201171875 0.04296875 0.041015625
0 0.72998046875 0.50927734375 0.0146484375 0.0244140625
1 0.32666015625 0.57177734375 0.0244140625 0.0341796875
8 0.41259765625 0.58056640625 0.0556640625 0.0341796875
3 0.6171875 0.48583984375 0.01171875 0.0244140625
7 0.21533203125 0.5380859375 0.0400390625 0.0234375
1 0.28271484375 0.55078125 0.0224609375 0.03515625
1 0.248046875 0.669921875 0.0546875 0.037109375
