2 0.06787109375 0.552734375 0.0322265625 0.025390625
5 0.97412109375 0.51123046875 0.0361328125 0.0283203125
8 0.19140625 0.595703125 0.04296875 0.037109375
8 0.09912109375 0.54052734375 0.0380859375 0.0302734375
5 0.75 0.51025390625 0.029296875 0.0283203125
8 0.96435546875 0.4970703125 0.0224609375 0.0234375
10 0.38671875 0.490234375 0.0234375 0.021484375
4 0.74609375 0.6669921875 0.02734375 0.05078125
6 0.4716796875 0.564453125 0.0390625 0.033203125
8 0.53857421875 0.58740234375 0.0244140625 0.0361328125
7 0.2744140625 0.50927734375 0.02734375 0.0302734375
4 0.42919921875 0.5126953125 0.0185546875 0.02734375
7 0.5576171875 0.60546875 0.025390625 0.048828125
9 0.08447265625 0.61865234375 0.0634765625 0.0576171875
8 0.6513671875 0.47998046875 0.01171875 0.0224609375
