10 0.13623046875 0.537109375 0.0185546875 0.033203125
5 0.72705078125 0.51416015625 0.0419921875 0.0341796875
5 -0.0126953125 0.78662109375 0.07421875 0.0771484375
6 0.27294921875 0.49951171875 0.0302734375 0.0283203125
10 0.654296875 0.54541015625 0.041015625 0.0361328125
7 0.8681640625 0.55078125 0.044921875 0.04296875
0 0.05419921875 0.4716796875 0.0166015625 0.0234375
8 0.5439453125 0.51318359375 0.02734375 0.0283203125
7 0.9892578125 0.57421875 0.0546875 0.046875
1 0.17919921875 0.525390625 0.0166015625 0.029296875
5 0.158203125 0.47607421875 0.02734375 0.0283203125
0 0.69775390625 0.4619140625 0.0166015625 0.0234375
5 0.400390625 0.67236328125 0.0546875 0.0576171875
