4 0.9248046875 0.5048828125 0.025390625 0.025390625
5 0.9287109375 0.54296875 0.048828125 0.03515625
9 0.90869140625 0.51025390625 0.0419921875 0.0302734375
2 0.341796875 0.591796875 0.021484375 0.03125
3 0.5693359375 0.484375 0.015625 0.021484375
9 0.21728515625 0.57861328125 0.0263671875 0.0478515625
8 0.265625 0.49951171875 0.013671875 0.0224609375
7 0.50146484375 0.4951171875 0.0166015625 0.025390625
3 0.1513671875 0.51025390625 0.017578125 0.0263671875
4 0.1884765625 0.5888671875 0.025390625 0.041015625
4 0.578125 0.56396484375 0.025390625 0.0361328125
5 -0.0078125 0.65283203125 0.072265625 0.0595703125
0 0.0673828125 0.6572265625 0.03515625 0.052734375
3 0.3798828125 0.505859375 0.013671875 0.025390625
