2 0.447265625 0.47705078125 0.013671875 0.0205078125
7 0.87451171875 0.54052734375 0.0361328125 0.0419921875
0 0.28955078125 0.4736328125 0.0166015625 0.025390625
6 0.72705078125 0.69775390625 0.0654296875 0.0537109375
5 0.36279296875 0.45068359375 0.0263671875 0.0244140625
2 0.43505859375 0.63916015625 0.0244140625 0.0400390625
0 0.2158203125 0.47998046875 0.017578125 0.0263671875
6 0.0908203125 0.54345703125 0.048828125 0.0341796875
8 0.78173828125 0.74169921875 0.0517578125 0.0595703125
7 0.91796875 0.46044921875 0.02734375 0.0283203125
8 0.2568359375 0.56298828125 0.03125 0.0361328125
3 0.27197265625 0.7607421875 0.0439453125 0.076171875
0 0.68896484375 0.46337890625 0.0146484375 0.0244140625
