3 0.345703125 0.537109375 0.017578125 0.033203125
5 0.8408203125 0.58056640625 0.0703125 0.0498046875
4 0.9384765625 0.55908203125 0.0390625 0.0439453125
2 0.78515625 0.5185546875 0.02734375 0.015625
3 0.63720703125 0.54443359375 0.0283203125 0.0341796875
9 0.33740234375 0.529296875 0.0185546875 0.029296875
8 0.28173828125 0.52734375 0.0283203125 0.046875
0 0.3017578125 0.55029296875 0.03125 0.0185546875
8 0.67431640625 0.53125 0.0283203125 0.015625
7 0.10205078125 0.52587890625 0.0185546875 0.0263671875
