3 0.0947265625 0.546875 0.017578125 0.033203125
4 0.701171875 0.45361328125 0.01953125 0.0224609375
7 0.7646484375 0.70263671875 0.05859375 0.0634765625
0 0.68359375 0.6806640625 0.029296875 0.044921875
4 0.28857421875 0.48876953125 0.0166015625 0.0244140625
9 0.20361328125 0.5712890625 0.0244140625 0.044921875
5 0.40185546875 0.5595703125 0.0380859375 0.037109375
4 0.2275390625 0.4921875 0.015625 0.025390625
3 0.15087890625 0.51318359375 0.0166015625 0.0283203125
5 0.779296875 0.56591796875 0.046875 0.0380859375
7 0.494140625 0.5439453125 0.029296875 0.037109375
6 0.67919921875 0.47509765625 0.0322265625 0.0244140625
6 0.9892578125 0.56591796875 0.05078125 0.0341796875
0 0.587890625 0.47119140625 0.015625 0.0224609375
10 0.7646484375 0.65185546875 0.0625 0.0498046875
