10 0.263671875 0.50146484375 0.04296875 0.0224609375
5 0.7734375 0.55517578125 0.044921875 0.0400390625
6 0.41845703125 0.49609375 0.0361328125 0.025390625
1 1.009765625 0.66015625 0.03515625 0.05859375
6 0.83837890625 0.66015625 0.0673828125 0.0625
10 0.619140625 0.5625 0.041015625 0.03515625
7 0.82763671875 0.59814453125 0.0322265625 0.0537109375
0 0.33642578125 0.46923828125 0.0146484375 0.0205078125
8 0.60009765625 0.52978515625 0.0302734375 0.0322265625
7 0.91015625 0.6376953125 0.033203125 0.06640625
1 0.30517578125 0.49853515625 0.0263671875 0.0263671875
5 0.390625 0.478515625 0.03125 0.0234375
0 0.904296875 0.5244140625 0.017578125 0.029296875
5 0.1240234375 0.57568359375 0.064453125 0.0478515625
