7 0.736328125 0.4833984375 0.0234375 0.015625
10 0.07568359375 0.51318359375 0.0224609375 0.0576171875
10 0.5869140625 0.53955078125 0.017578125 0.0263671875
9 0.91552734375 0.57080078125 0.0380859375 0.0439453125
5 0.20947265625 0.654296875 0.0537109375 0.056640625
10 0.37646484375 0.490234375 0.0146484375 0.05078125
6 0.671875 0.53271484375 0.02734375 0.0341796875
0 0.47314453125 0.4970703125 0.0126953125 0.013671875
8 0.40869140625 0.640625 0.0419921875 0.0703125
4 0.396484375 0.59130859375 0.0234375 0.0380859375
