10 0.60400390625 0.5078125 0.0361328125 0.025390625
0 0.77099609375 0.4677734375 0.0166015625 0.021484375
6 0.08642578125 0.60400390625 0.0400390625 0.0380859375
7 0.26171875 0.6640625 0.03515625 0.056640625
5 0.4501953125 0.60498046875 0.046875 0.0439453125
6 0.234375 0.59033203125 0.041015625 0.0361328125
3 0.79150390625 0.5263671875 0.0302734375 0.03125
5 0.234375 0.5078125 0.03125 0.029296875
1 0.552734375 0.48583984375 0.021484375 0.0224609375
10 0.44189453125 0.6943359375 0.0517578125 0.056640625
9 0.509765625 0.5048828125 0.033203125 0.033203125
2 0.5869140625 0.5048828125 0.0234375 0.01953125
4 0.3896484375 0.50146484375 0.01953125 0.0263671875
2 0.79443359375 0.54833984375 0.0322265625 0.0244140625
2 0.576171875 0.50537109375 0.0234375 0.0205078125
