4 0.68896484375 0.53759765625 0.0224609375 0.0322265625
1 0.26806640625 0.52783203125 0.0244140625 0.0244140625
5 0.05078125 0.53466796875 0.0625 0.0380859375
6 0.72412109375 0.5400390625 0.0419921875 0.03515625
5 0.95068359375 0.537109375 0.0341796875 0.02734375
2 0.31982421875 0.53564453125 0.0283203125 0.0185546875
6 0.7626953125 0.5400390625 0.041015625 0.03515625
0 0.62744140625 0.54638671875 0.0283203125 0.0458984375
1 0.5224609375 0.54443359375 0.037109375 0.0458984375
0 0.76025390625 0.53564453125 0.0166015625 0.0283203125
8 0.23583984375 0.529296875 0.0361328125 0.02734375
8 0.15869140625 0.5341796875 0.0498046875 0.03515625
10 0.86962890625 0.54296875 0.0185546875 0.021484375
10 0.2197265625 0.5322265625 0.04296875 0.017578125
0 0.41796875 0.5302734375 0.017578125 0.025390625
