6 0.041015625 0.51318359375 0.060546875 0.0400390625
1 0.86279296875 0.53466796875 0.0322265625 0.0400390625
1 0.22900390625 0.46923828125 0.0302734375 0.0361328125
5 0.4052734375 0.35302734375 0.03125 0.0302734375
9 0.84912109375 0.43212890625 0.0322265625 0.0498046875
0 0.736328125 0.38525390625 0.017578125 0.0283203125
0 0.8759765625 0.66943359375 0.03515625 0.0517578125
8 0.00830078125 0.4892578125 0.0498046875 0.037109375
10 0.8466796875 0.5537109375 0.0390625 0.05859375
0 0.4794921875 0.83056640625 0.03515625 0.0654296875
10 0.8408203125 0.4873046875 0.033203125 0.048828125
10 0.2138671875 0.44140625 0.0390625 0.041015625
6 0.48583984375 0.88720703125 0.0751953125 0.0771484375
