4 0.6240234375 0.55078125 0.0625 0.05859375
9 0.48095703125 0.60107421875 0.1494140625 0.1083984375
9 0.2099609375 0.53759765625 0.048828125 0.0419921875
0 0.3505859375 0.54150390625 0.033203125 0.0458984375
2 0.0126953125 0.58544921875 0.05078125 0.0498046875
6 0.998046875 0.5205078125 0.0625 0.0390625
9 0.65185546875 0.52001953125 0.0595703125 0.0322265625
7 0.3798828125 0.5478515625 0.060546875 0.052734375
9 0.74462890625 0.53955078125 0.0966796875 0.0517578125
0 0.40283203125 0.525390625 0.0244140625 0.033203125
0 0.646484375 0.5283203125 0.029296875 0.0390625
9 0.6572265625 0.50732421875 0.041015625 0.0224609375
8 0.04248046875 0.52685546875 0.0244140625 0.0283203125
7 0.1201171875 0.5322265625 0.033203125 0.03515625
