4 0.0947265625 0.55712890625 0.033203125 0.0517578125
6 0.4404296875 0.98681640625 0.1328125 0.1337890625
10 0.19482421875 0.46484375 0.0341796875 0.037109375
7 0.48779296875 0.67236328125 0.0712890625 0.0908203125
7 0.4482421875 0.4013671875 0.03125 0.033203125
9 0.486328125 0.4619140625 0.048828125 0.048828125
1 0.314453125 0.84326171875 0.06640625 0.0908203125
3 0.53076171875 0.4013671875 0.0263671875 0.03125
5 0.91455078125 0.4755859375 0.0615234375 0.046875
0 0.955078125 0.5595703125 0.041015625 0.05078125
5 0.40673828125 0.5029296875 0.0556640625 0.05078125
7 0.7861328125 0.4228515625 0.046875 0.0390625
