6 0.06591796875 0.876953125 0.0810546875 0.078125
10 0.130859375 0.48388671875 0.017578125 0.0302734375
1 0.0634765625 0.4697265625 0.017578125 0.02734375
6 0.23583984375 0.64990234375 0.0498046875 0.0498046875
0 0.4482421875 0.52783203125 0.01953125 0.0341796875
8 0.99072265625 0.49267578125 0.0458984375 0.0302734375
2 0.5966796875 0.5224609375 0.02734375 0.02734375
5 0.96630859375 0.5634765625 0.0595703125 0.044921875
6 0.4658203125 0.4609375 0.033203125 0.02734375
9 0.76806640625 0.50732421875 0.0478515625 0.0439453125
4 0.71533203125 0.47314453125 0.0263671875 0.0302734375
4 0.078125 0.62841796875 0.02734375 0.0478515625
1 0.41845703125 0.6220703125 0.0302734375 0.04296875
2 0.21533203125 0.5595703125 0.0205078125 0.03125
