1 0.453125 0.42724609375 0.02734375 0.0283203125
1 0.931640625 0.43994140625 0.041015625 0.0322265625
3 0.1796875 0.7451171875 0.087890625 0.123046875
8 0.162109375 0.83837890625 0.119140625 0.1337890625
7 0.751953125 0.783203125 0.16796875 0.158203125
6 0.63623046875 0.66796875 0.1201171875 0.09765625
1 0.49072265625 0.42236328125 0.0263671875 0.0263671875
2 0.0927734375 0.60009765625 0.052734375 0.0537109375
2 0.376953125 0.560546875 0.052734375 0.044921875
3 0.58740234375 0.5927734375 0.0693359375 0.076171875
9 0.4091796875 0.490234375 0.064453125 0.05078125
