3 0.79443359375 0.623046875 0.0341796875 0.048828125
6 0.63232421875 0.57177734375 0.0419921875 0.0361328125
7 0.69189453125 0.45703125 0.0205078125 0.02734375
0 0.2109375 0.54345703125 0.021484375 0.0322265625
5 0.41845703125 0.4482421875 0.0224609375 0.0234375
2 0.72412109375 0.765625 0.0419921875 0.0546875
6 0.16357421875 0.65380859375 0.0576171875 0.0458984375
10 0.31591796875 0.4521484375 0.0166015625 0.021484375
1 0.06591796875 0.49560546875 0.0244140625 0.0263671875
8 0.24462890625 0.4814453125 0.0205078125 0.025390625
10 0.369140625 0.50048828125 0.017578125 0.0283203125
6 0.98974609375 0.67822265625 0.0712890625 0.0478515625
4 0.54931640625 0.44921875 0.0126953125 0.0234375
