4 0.63525390625 0.52734375 0.0205078125 0.025390625
1 0.2158203125 0.5224609375 0.013671875 0.0234375
5 0.27685546875 0.6181640625 0.0361328125 0.041015625
6 0.68115234375 0.53662109375 0.0341796875 0.0263671875
5 0.72412109375 0.4814453125 0.0283203125 0.021484375
2 0.32958984375 0.54296875 0.0146484375 0.021484375
6 0.70166015625 0.53369140625 0.0341796875 0.0263671875
0 0.740234375 0.59033203125 0.021484375 0.0322265625
1 0.67822265625 0.5986328125 0.0263671875 0.033203125
0 0.6337890625 0.501953125 0.013671875 0.021484375
8 0.24267578125 0.54541015625 0.0146484375 0.0263671875
8 0.3125 0.5947265625 0.017578125 0.03125
10 0.71337890625 0.50634765625 0.0283203125 0.0224609375
10 0.19580078125 0.53759765625 0.0166015625 0.0263671875
0 0.35693359375 0.51220703125 0.0126953125 0.0224609375
