4 0.900390625 0.56201171875 0.0625 0.0615234375
0 0.8115234375 0.490234375 0.0390625 0.048828125
3 0.7158203125 0.43408203125 0.046875 0.0458984375
9 0.38818359375 0.34765625 0.0654296875 0.037109375
10 0.25732421875 0.65087890625 0.1455078125 0.0810546875
7 0.61572265625 0.4228515625 0.0615234375 0.046875
8 0.982421875 0.548828125 0.07421875 0.056640625
3 0.17333984375 0.3642578125 0.0419921875 0.037109375
5 0.4716796875 0.6396484375 0.095703125 0.09375
2 0.20166015625 0.39794921875 0.0439453125 0.0302734375
4 0.408203125 0.48583984375 0.0546875 0.0517578125
