3 0.26708984375 0.46044921875 0.0205078125 0.0322265625
3 0.47412109375 0.55078125 0.0400390625 0.056640625
0 0.87158203125 0.44189453125 0.0224609375 0.0283203125
0 0.3984375 0.474609375 0.021484375 0.033203125
10 0.681640625 0.5244140625 0.064453125 0.04296875
9 0.95166015625 0.4921875 0.0751953125 0.048828125
4 0.81640625 0.54931640625 0.052734375 0.0537109375
4 0.01953125 0.51708984375 0.02734375 0.0439453125
5 0.109375 0.5009765625 0.044921875 0.04296875
2 0.12548828125 0.7294921875 0.0478515625 0.080078125
