2 0.23974609375 0.6611328125 0.0419921875 0.037109375
1 0.546875 0.56591796875 0.0234375 0.0302734375
1 0.896484375 0.53466796875 0.015625 0.0263671875
10 0.19384765625 0.64697265625 0.0654296875 0.0478515625
0 0.36279296875 0.49365234375 0.0146484375 0.0224609375
5 0.1748046875 0.5166015625 0.037109375 0.02734375
3 1.00390625 0.5400390625 0.01953125 0.029296875
3 0.3828125 0.4892578125 0.01953125 0.0234375
7 0.0478515625 0.5595703125 0.046875 0.037109375
6 0.3740234375 0.49853515625 0.03125 0.0224609375
9 0.53369140625 0.48828125 0.0224609375 0.025390625
0 0.88671875 0.509765625 0.013671875 0.0234375
9 0.31982421875 0.54443359375 0.0400390625 0.0361328125
1 0.57275390625 0.5859375 0.0244140625 0.033203125
10 0.74365234375 0.57080078125 0.0224609375 0.0322265625
