1 0.21875 0.634765625 0.025390625 0.0390625
7 0.6357421875 0.4306640625 0.021484375 0.03125
1 0.0390625 0.67236328125 0.03515625 0.0419921875
6 0.64111328125 0.40576171875 0.0283203125 0.0224609375
5 0.67822265625 0.66650390625 0.0537109375 0.0537109375
9 0.58056640625 0.40478515625 0.0205078125 0.0302734375
0 0.73779296875 0.69287109375 0.0302734375 0.0439453125
0 0.45751953125 0.498046875 0.0166015625 0.029296875
1 0.68603515625 0.544921875 0.0263671875 0.033203125
9 0.28271484375 0.64013671875 0.0244140625 0.0673828125
7 0.7490234375 0.73486328125 0.048828125 0.0732421875
5 0.81396484375 0.5029296875 0.0419921875 0.03515625
8 0.27685546875 0.57421875 0.0205078125 0.03515625
0 0.1943359375 0.5419921875 0.01953125 0.033203125
0 0.3603515625 0.50830078125 0.015625 0.0302734375
