3 0.9619140625 0.5390625 0.017578125 0.02734375
8 0.52734375 0.54248046875 0.048828125 0.0419921875
6 0.29150390625 0.52685546875 0.0380859375 0.0244140625
10 0.62255859375 0.533203125 0.0263671875 0.013671875
9 0.13427734375 0.54150390625 0.0986328125 0.0498046875
8 0.458984375 0.53955078125 0.048828125 0.0400390625
10 0.70556640625 0.5400390625 0.0322265625 0.01953125
2 0.70263671875 0.53564453125 0.0185546875 0.0146484375
7 0.22998046875 0.52734375 0.0400390625 0.02734375
6 0.6611328125 0.53271484375 0.033203125 0.0244140625
1 0.798828125 0.537109375 0.021484375 0.02734375
6 0.47265625 0.52734375 0.03125 0.021484375
6 0.3291015625 0.5263671875 0.03515625 0.0234375
8 0.025390625 0.525390625 0.05078125 0.029296875
0 0.22119140625 0.5439453125 0.0400390625 0.05078125
