2 0.0634765625 0.58203125 0.0234375 0.029296875
5 0.80029296875 0.5 0.0322265625 0.021484375
8 0.34130859375 0.5869140625 0.0341796875 0.04296875
8 0.07080078125 0.5693359375 0.0224609375 0.037109375
5 0.64697265625 0.509765625 0.0341796875 0.025390625
8 0.76318359375 0.4951171875 0.0263671875 0.01953125
10 0.26513671875 0.5234375 0.0205078125 0.01953125
4 0.9580078125 0.5693359375 0.046875 0.041015625
6 0.5400390625 0.54833984375 0.044921875 0.0341796875
8 0.64453125 0.5537109375 0.041015625 0.03515625
7 0.20263671875 0.5380859375 0.0205078125 0.033203125
4 0.37451171875 0.52880859375 0.0205078125 0.0283203125
7 0.70751953125 0.5595703125 0.0458984375 0.041015625
9 0.2998046875 0.609375 0.041015625 0.060546875
8 0.4970703125 0.501953125 0.021484375 0.021484375
