3 0.96142578125 0.67822265625 0.0419921875 0.0517578125
5 0.73876953125 0.45361328125 0.0302734375 0.0263671875
8 0.568359375 0.43994140625 0.015625 0.0224609375
5 0.224609375 0.7392578125 0.05859375 0.060546875
4 0.59130859375 0.48291015625 0.0166015625 0.0283203125
1 0.123046875 0.4765625 0.021484375 0.025390625
3 0.20849609375 0.634765625 0.0283203125 0.046875
2 0.69482421875 0.505859375 0.0205078125 0.0234375
5 0.546875 0.55078125 0.03515625 0.037109375
7 0.52197265625 0.4716796875 0.0146484375 0.03125
3 0.12158203125 0.69091796875 0.0361328125 0.0537109375
5 0.498046875 0.4755859375 0.02734375 0.029296875
9 0.47216796875 0.46044921875 0.0146484375 0.0341796875
