7 0.05908203125 0.53125 0.0205078125 0.041015625
2 0.63671875 0.76318359375 0.05859375 0.0615234375
8 0.57080078125 0.4267578125 0.0244140625 0.021484375
9 0.6904296875 0.44482421875 0.037109375 0.0302734375
2 0.5517578125 0.57861328125 0.03515625 0.0341796875
0 0.22412109375 0.49853515625 0.0185546875 0.0302734375
6 0.4375 0.43994140625 0.029296875 0.0244140625
2 0.58203125 0.4404296875 0.021484375 0.017578125
5 0.03759765625 0.5029296875 0.0361328125 0.03515625
7 0.66357421875 0.72509765625 0.0712890625 0.0849609375
9 0.11865234375 0.603515625 0.0302734375 0.0625
