1 0.5625 0.49853515625 0.01953125 0.0263671875
4 0.44580078125 0.560546875 0.0224609375 0.0390625
5 0.8828125 0.6708984375 0.080078125 0.06640625
9 0.52392578125 0.55615234375 0.0302734375 0.0478515625
8 0.68212890625 0.5615234375 0.0361328125 0.037109375
6 0.2421875 0.537109375 0.037109375 0.033203125
7 0.1298828125 0.61474609375 0.037109375 0.0576171875
1 0.59619140625 0.47119140625 0.0166015625 0.0224609375
7 0.2802734375 0.4794921875 0.015625 0.02734375
4 0.490234375 0.5283203125 0.01953125 0.033203125
0 0.486328125 0.5 0.015625 0.02734375
8 0.52587890625 0.48193359375 0.0185546875 0.0244140625
9 0.95263671875 0.57568359375 0.0654296875 0.0537109375
1 0.88916015625 0.59033203125 0.0419921875 0.0419921875
