4 0.677734375 0.509765625 0.01953125 0.021484375
4 0.546875 0.59912109375 0.02734375 0.0419921875
8 0.15625 0.53076171875 0.041015625 0.0244140625
4 0.5654296875 0.517578125 0.0234375 0.025390625
10 0.97119140625 0.56396484375 0.0302734375 0.0771484375
6 0.1748046875 0.5302734375 0.02734375 0.025390625
6 0.85107421875 0.54443359375 0.0419921875 0.0302734375
10 0.24365234375 0.529296875 0.0146484375 0.01953125
9 0.76025390625 0.6005859375 0.0849609375 0.02734375
8 0.37451171875 0.51220703125 0.0166015625 0.0205078125
