10 0.50537109375 0.5078125 0.0361328125 0.029296875
6 0.2724609375 0.61865234375 0.046875 0.0478515625
8 0.513671875 0.52978515625 0.046875 0.0302734375
10 0.17041015625 0.49560546875 0.0205078125 0.0576171875
2 0.05126953125 0.85107421875 0.0419921875 0.0576171875
9 0.41064453125 0.58056640625 0.0419921875 0.0498046875
10 0.9404296875 0.5244140625 0.0546875 0.02734375
0 0.7294921875 0.4560546875 0.017578125 0.0234375
5 0.54736328125 0.67138671875 0.0517578125 0.0595703125
2 0.5751953125 0.4140625 0.021484375 0.013671875
