10 0.15283203125 0.5166015625 0.0302734375 0.03125
5 0.7607421875 0.53076171875 0.04296875 0.0361328125
6 0.306640625 0.4892578125 0.03125 0.02734375
10 0.65771484375 0.5576171875 0.0322265625 0.0390625
7 0.89404296875 0.57861328125 0.0439453125 0.0498046875
0 0.130859375 0.45361328125 0.015625 0.0224609375
8 0.5654296875 0.51806640625 0.021484375 0.0302734375
1 0.1982421875 0.5078125 0.021484375 0.029296875
5 0.21923828125 0.46240234375 0.0302734375 0.0263671875
0 0.771484375 0.47607421875 0.017578125 0.0263671875
5 0.28076171875 0.66259765625 0.0556640625 0.0576171875
