7 0.390625 0.4892578125 0.021484375 0.0234375
3 0.05419921875 0.56494140625 0.0458984375 0.0439453125
4 0.234375 0.50830078125 0.025390625 0.0263671875
9 0.01904296875 0.5810546875 0.0830078125 0.056640625
5 0.455078125 0.49560546875 0.029296875 0.0244140625
10 0.39453125 0.517578125 0.03125 0.0234375
0 0.125 0.58642578125 0.03515625 0.0458984375
4 0.318359375 0.515625 0.025390625 0.029296875
4 0.150390625 0.6015625 0.05078125 0.052734375
4 0.814453125 0.53369140625 0.01953125 0.0322265625
2 0.91015625 0.5107421875 0.017578125 0.017578125
5 0.388671875 0.55712890625 0.05078125 0.0419921875
