10 0.63720703125 0.53759765625 0.0185546875 0.0185546875
0 0.8720703125 0.53076171875 0.015625 0.0224609375
6 0.10595703125 0.53955078125 0.0380859375 0.0263671875
7 0.1416015625 0.55126953125 0.033203125 0.0341796875
5 0.35205078125 0.546875 0.0361328125 0.03125
6 0.21923828125 0.5400390625 0.0361328125 0.02734375
3 0.78466796875 0.54248046875 0.0224609375 0.0283203125
5 0.32470703125 0.52783203125 0.0263671875 0.0205078125
1 0.62109375 0.529296875 0.013671875 0.021484375
10 0.23193359375 0.5654296875 0.0380859375 0.029296875
9 0.55029296875 0.5322265625 0.0146484375 0.0234375
2 0.6259765625 0.53662109375 0.015625 0.0166015625
4 0.45361328125 0.529296875 0.0126953125 0.021484375
2 0.7578125 0.55029296875 0.0234375 0.0205078125
2 0.61474609375 0.53662109375 0.0146484375 0.0166015625
