4 0.6669921875 0.439453125 0.0234375 0.029296875
4 0.54736328125 0.67041015625 0.0478515625 0.0380859375
10 0.2265625 0.88330078125 0.046875 0.1064453125
6 0.05712890625 0.57421875 0.0439453125 0.046875
10 0.80517578125 0.44287109375 0.0556640625 0.0205078125
2 0.8857421875 0.58203125 0.03125 0.04296875
4 0.70947265625 0.435546875 0.0224609375 0.029296875
9 0.0244140625 0.84814453125 0.048828125 0.1162109375
1 0.5830078125 0.455078125 0.03125 0.029296875
9 0.11181640625 0.47119140625 0.0302734375 0.0322265625
