1 0.69970703125 0.5185546875 0.0244140625 0.0234375
2 0.0634765625 0.580078125 0.03515625 0.041015625
1 0.30859375 0.57080078125 0.041015625 0.0595703125
10 0.5751953125 0.53076171875 0.037109375 0.0205078125
9 0.61572265625 0.5244140625 0.0380859375 0.02734375
9 0.64453125 0.54833984375 0.064453125 0.0478515625
9 0.4453125 0.53662109375 0.0390625 0.0361328125
0 0.384765625 0.53857421875 0.0234375 0.0361328125
6 0.16259765625 0.53271484375 0.0341796875 0.0302734375
7 0.0234375 0.52734375 0.017578125 0.025390625
0 0.87451171875 0.533203125 0.0283203125 0.03515625
7 0.8583984375 0.5439453125 0.064453125 0.044921875
8 0.96044921875 0.533203125 0.0576171875 0.037109375
