1 0.7255859375 0.44921875 0.0390625 0.03515625
1 0.1142578125 0.56982421875 0.0390625 0.0478515625
5 0.0810546875 0.43408203125 0.044921875 0.0380859375
9 0.58740234375 0.3974609375 0.0498046875 0.037109375
0 0.4443359375 0.38916015625 0.01953125 0.0283203125
0 0.9013671875 0.5126953125 0.033203125 0.04296875
10 0.73974609375 0.46435546875 0.0673828125 0.0380859375
0 0.93017578125 0.69091796875 0.0478515625 0.0634765625
8 0.78857421875 0.97314453125 0.1376953125 0.1162109375
10 0.65087890625 0.43017578125 0.0576171875 0.0322265625
10 0.02783203125 0.55712890625 0.0498046875 0.0517578125
6 0.994140625 0.71728515625 0.09765625 0.0771484375
