3 0.3857421875 0.5244140625 0.0234375 0.029296875
5 0.35693359375 0.5908203125 0.0693359375 0.052734375
4 0.59716796875 0.58642578125 0.0361328125 0.0517578125
2 0.9765625 0.5439453125 0.033203125 0.01953125
3 0.52587890625 0.5498046875 0.0302734375 0.03515625
9 0.4521484375 0.5185546875 0.03515625 0.025390625
8 0.369140625 0.51220703125 0.025390625 0.0400390625
0 0.32763671875 0.5322265625 0.0283203125 0.015625
8 0.73193359375 0.544921875 0.0380859375 0.01953125
7 0.34814453125 0.50439453125 0.0263671875 0.0205078125
