5 0.78076171875 0.7724609375 0.0810546875 0.078125
2 0.541015625 0.7001953125 0.041015625 0.048828125
6 0.572265625 0.44921875 0.037109375 0.029296875
6 0.150390625 0.45947265625 0.033203125 0.0302734375
0 0.3447265625 0.4482421875 0.017578125 0.02734375
1 0.6513671875 0.443359375 0.025390625 0.02734375
4 0.42333984375 0.462890625 0.0224609375 0.03125
8 0.73095703125 0.5068359375 0.0419921875 0.033203125
8 0.57373046875 0.58837890625 0.0419921875 0.0400390625
6 0.1513671875 0.658203125 0.052734375 0.05078125
5 0.6513671875 0.40087890625 0.033203125 0.0283203125
