3 0.35302734375 0.53271484375 0.0185546875 0.0322265625
5 0.64013671875 0.6044921875 0.0556640625 0.0546875
4 0.83349609375 0.58447265625 0.0322265625 0.0498046875
2 0.89013671875 0.52734375 0.0302734375 0.017578125
3 0.59619140625 0.55224609375 0.0185546875 0.0361328125
9 0.3837890625 0.52392578125 0.0234375 0.0283203125
8 0.31005859375 0.5205078125 0.0283203125 0.044921875
0 0.2978515625 0.5439453125 0.03125 0.017578125
8 0.71435546875 0.53759765625 0.0283203125 0.0185546875
7 0.20849609375 0.5126953125 0.0244140625 0.0234375
