2 0.291015625 0.6982421875 0.0546875 0.05859375
1 0.5986328125 0.5634765625 0.021484375 0.0390625
1 0.9453125 0.521484375 0.025390625 0.029296875
10 0.19775390625 0.68310546875 0.0830078125 0.0732421875
0 0.283203125 0.50439453125 0.017578125 0.0263671875
5 0.05322265625 0.53173828125 0.0517578125 0.0361328125
3 0.3037109375 0.49951171875 0.021484375 0.0263671875
6 0.30126953125 0.5078125 0.0361328125 0.02734375
9 0.48388671875 0.49462890625 0.0185546875 0.0283203125
0 0.8974609375 0.501953125 0.017578125 0.025390625
9 0.27880859375 0.55322265625 0.0439453125 0.0458984375
1 0.66064453125 0.58251953125 0.0244140625 0.0439453125
10 0.83447265625 0.560546875 0.0341796875 0.03515625
