5 0.66015625 0.43701171875 0.033203125 0.0263671875
9 0.4970703125 0.44677734375 0.033203125 0.0302734375
9 0.69775390625 0.46337890625 0.0439453125 0.0341796875
4 0.68994140625 0.5595703125 0.0380859375 0.041015625
4 0.19677734375 0.48876953125 0.0205078125 0.0302734375
1 0.04736328125 0.513671875 0.0205078125 0.03125
0 0.32275390625 0.5498046875 0.0244140625 0.037109375
7 0.24755859375 0.5478515625 0.0322265625 0.044921875
5 0.77783203125 0.54833984375 0.0556640625 0.0439453125
6 0.3564453125 0.4560546875 0.033203125 0.02734375
