5 0.095703125 0.591796875 0.078125 0.072265625
10 0.43896484375 0.5322265625 0.0341796875 0.021484375
5 0.47998046875 0.521484375 0.0361328125 0.02734375
0 0.408203125 0.5234375 0.017578125 0.02734375
10 0.59716796875 0.515625 0.0302734375 0.015625
6 0.33251953125 0.5703125 0.0693359375 0.056640625
8 0.14501953125 0.54638671875 0.0244140625 0.0400390625
0 0.751953125 0.52099609375 0.021484375 0.0283203125
4 0.7353515625 0.5185546875 0.02734375 0.02734375
1 0.638671875 0.5224609375 0.02734375 0.02734375
6 0.05078125 0.55517578125 0.052734375 0.0458984375
