1 0.546875 0.44140625 0.01953125 0.021484375
1 0.8935546875 0.47314453125 0.029296875 0.0263671875
5 0.9697265625 0.529296875 0.052734375 0.0390625
3 0.263671875 0.63818359375 0.033203125 0.0537109375
8 0.2451171875 0.6708984375 0.0390625 0.05078125
7 0.49462890625 0.6708984375 0.0537109375 0.068359375
3 0.9228515625 0.51904296875 0.037109375 0.0361328125
6 0.49853515625 0.62060546875 0.0576171875 0.0478515625
1 0.57861328125 0.43701171875 0.0185546875 0.0205078125
2 0.25 0.56494140625 0.025390625 0.0302734375
2 0.41650390625 0.55029296875 0.0283203125 0.0283203125
2 0.03173828125 0.5341796875 0.0185546875 0.025390625
2 0.0732421875 0.59423828125 0.0234375 0.0341796875
3 0.51220703125 0.57861328125 0.0341796875 0.0439453125
9 0.4697265625 0.49951171875 0.03515625 0.0361328125
