8 0.63427734375 0.4697265625 0.0712890625 0.044921875
4 0.806640625 0.4111328125 0.041015625 0.037109375
0 0.81884765625 0.6357421875 0.0400390625 0.068359375
2 0.96337890625 0.47216796875 0.0517578125 0.0341796875
3 0.62548828125 0.396484375 0.0380859375 0.03515625
5 0.19970703125 0.373046875 0.0439453125 0.033203125
3 0.93994140625 0.56005859375 0.0654296875 0.0615234375
0 0.25390625 0.40966796875 0.025390625 0.0341796875
5 0.814453125 0.40869140625 0.04296875 0.0419921875
4 0.92529296875 0.64599609375 0.0771484375 0.0732421875
