1 0.71875 0.46142578125 0.021484375 0.0244140625
2 0.09716796875 0.68505859375 0.0322265625 0.0458984375
1 0.291015625 0.6962890625 0.029296875 0.052734375
7 0.03515625 0.51806640625 0.025390625 0.0361328125
10 0.5869140625 0.49755859375 0.03125 0.0283203125
9 0.62841796875 0.48486328125 0.0322265625 0.0341796875
1 0.98583984375 0.5791015625 0.0439453125 0.0390625
9 0.60400390625 0.611328125 0.0478515625 0.0625
9 0.45166015625 0.5400390625 0.0302734375 0.044921875
0 0.39501953125 0.54736328125 0.0205078125 0.0341796875
6 0.21142578125 0.49951171875 0.0302734375 0.0283203125
7 0.095703125 0.46044921875 0.017578125 0.0263671875
0 0.84228515625 0.5546875 0.0263671875 0.03515625
7 0.80126953125 0.6064453125 0.0517578125 0.0546875
8 0.92333984375 0.56201171875 0.0498046875 0.0361328125
