1 0.54150390625 0.515625 0.0185546875 0.025390625
4 0.458984375 0.54931640625 0.0234375 0.0341796875
5 0.884765625 0.59619140625 0.0703125 0.0517578125
9 0.52978515625 0.5458984375 0.0341796875 0.0390625
8 0.673828125 0.5458984375 0.03515625 0.033203125
6 0.255859375 0.5400390625 0.033203125 0.03125
7 0.18798828125 0.58251953125 0.0244140625 0.0478515625
1 0.5615234375 0.50048828125 0.017578125 0.0205078125
7 0.263671875 0.5087890625 0.013671875 0.0234375
4 0.48681640625 0.5322265625 0.0205078125 0.029296875
0 0.470703125 0.51708984375 0.015625 0.0244140625
8 0.5 0.50732421875 0.01953125 0.0224609375
9 0.916015625 0.5498046875 0.05859375 0.041015625
1 0.86572265625 0.55712890625 0.0380859375 0.0361328125
