1 0.6181640625 0.66845703125 0.0625 0.0615234375
6 0.5263671875 0.4501953125 0.037109375 0.02734375
10 0.6435546875 0.7685546875 0.1328125 0.09375
1 0.7998046875 0.478515625 0.037109375 0.03125
5 0.173828125 0.4716796875 0.041015625 0.03125
7 0.4453125 0.43310546875 0.03125 0.0244140625
0 0.046875 0.6630859375 0.041015625 0.05859375
10 0.77783203125 0.615234375 0.1005859375 0.0546875
7 0.37109375 0.4951171875 0.041015625 0.037109375
3 0.388671875 0.837890625 0.083984375 0.107421875
5 0.87939453125 0.64453125 0.0849609375 0.072265625
2 0.8662109375 0.60107421875 0.05859375 0.0419921875
6 0.52197265625 0.4384765625 0.0341796875 0.025390625
10 0.43994140625 0.4619140625 0.0439453125 0.0234375
8 0.32421875 0.61474609375 0.060546875 0.0517578125
