5 0.189453125 0.4912109375 0.02734375 0.029296875
6 0.12255859375 0.7529296875 0.0576171875 0.0546875
4 0.2470703125 0.84619140625 0.033203125 0.0693359375
1 0.70703125 0.5615234375 0.029296875 0.033203125
4 0.4619140625 0.515625 0.01953125 0.029296875
0 0.86767578125 0.58154296875 0.0263671875 0.0341796875
9 0.49609375 0.58056640625 0.033203125 0.0498046875
6 0.45458984375 0.474609375 0.0283203125 0.025390625
10 0.794921875 0.48974609375 0.037109375 0.0263671875
9 0.4365234375 0.52392578125 0.025390625 0.0400390625
8 0.2783203125 0.52392578125 0.017578125 0.0283203125
7 0.58349609375 0.46826171875 0.0224609375 0.0283203125
7 0.4736328125 0.49658203125 0.021484375 0.0322265625
3 0.30029296875 0.54443359375 0.0185546875 0.0341796875
10 0.919921875 0.52978515625 0.048828125 0.0322265625
