6 0.71728515625 0.4990234375 0.0361328125 0.02734375
2 0.14990234375 0.54248046875 0.0185546875 0.0244140625
10 0.75048828125 0.47705078125 0.0322265625 0.0185546875
4 0.662109375 0.6513671875 0.05859375 0.052734375
1 0.68212890625 0.47998046875 0.0205078125 0.0224609375
4 0.2119140625 0.728515625 0.068359375 0.06640625
10 0.05908203125 0.53271484375 0.0283203125 0.0712890625
10 0.3994140625 0.75634765625 0.060546875 0.0810546875
4 0.52197265625 0.4990234375 0.0263671875 0.015625
6 0.474609375 0.517578125 0.033203125 0.033203125
