6 0.45166015625 0.5751953125 0.0400390625 0.03515625
8 0.92138671875 0.5146484375 0.0322265625 0.0234375
7 0.9296875 0.54931640625 0.041015625 0.0341796875
3 0.5029296875 0.54052734375 0.01953125 0.0302734375
8 0.666015625 0.5146484375 0.0234375 0.0234375
0 0.13818359375 0.57470703125 0.0205078125 0.0341796875
6 0.5302734375 0.60302734375 0.046875 0.0400390625
0 0.255859375 0.580078125 0.01953125 0.03515625
2 0.22509765625 0.56591796875 0.0185546875 0.0244140625
0 0.31640625 0.5078125 0.01171875 0.021484375
1 0.3466796875 0.5390625 0.015625 0.02734375
9 0.5791015625 0.50146484375 0.021484375 0.0244140625
10 0.6259765625 0.505859375 0.0234375 0.017578125
1 0.5 0.5244140625 0.017578125 0.025390625
0 0.2763671875 0.55419921875 0.017578125 0.0302734375
