5 0.32421875 0.52294921875 0.029296875 0.0205078125
1 0.6484375 0.54638671875 0.01953125 0.0322265625
4 0.4990234375 0.5322265625 0.01953125 0.025390625
0 0.77685546875 0.55517578125 0.0205078125 0.0361328125
9 0.42529296875 0.5419921875 0.0341796875 0.033203125
6 0.5595703125 0.52734375 0.02734375 0.021484375
10 0.8837890625 0.54296875 0.021484375 0.01953125
9 0.4638671875 0.533203125 0.02734375 0.02734375
8 0.34716796875 0.529296875 0.0263671875 0.0234375
7 0.68798828125 0.529296875 0.0146484375 0.0234375
7 0.5390625 0.53076171875 0.01953125 0.0244140625
3 0.32861328125 0.53173828125 0.0224609375 0.0263671875
10 0.95458984375 0.5546875 0.0302734375 0.025390625
