3 0.849609375 0.5869140625 0.029296875 0.046875
7 0.0439453125 0.5673828125 0.052734375 0.046875
1 0.18359375 0.4736328125 0.021484375 0.0234375
0 0.57568359375 0.513671875 0.0166015625 0.029296875
7 0.95068359375 0.48974609375 0.0244140625 0.0283203125
6 0.32177734375 0.5751953125 0.0517578125 0.041015625
3 0.96142578125 0.57177734375 0.0322265625 0.0439453125
1 0.55908203125 0.478515625 0.0146484375 0.0234375
2 0.9521484375 0.58984375 0.033203125 0.033203125
7 0.39892578125 0.47412109375 0.0205078125 0.0263671875
5 0.533203125 0.486328125 0.029296875 0.02734375
2 0.248046875 0.544921875 0.029296875 0.02734375
