4 0.2626953125 0.61865234375 0.048828125 0.0576171875
9 0.341796875 0.49609375 0.04296875 0.04296875
0 0.3173828125 0.5341796875 0.02734375 0.0390625
6 1.0078125 0.65673828125 0.076171875 0.0615234375
9 0.78076171875 0.53369140625 0.0224609375 0.0517578125
7 0.255859375 0.55517578125 0.05078125 0.0537109375
9 0.46142578125 0.62060546875 0.0556640625 0.0771484375
0 0.5595703125 0.49609375 0.01953125 0.033203125
0 0.61328125 0.56103515625 0.025390625 0.0439453125
8 0.43994140625 0.4365234375 0.0224609375 0.0234375
7 0.388671875 0.46484375 0.029296875 0.033203125
