7 0.87841796875 0.4658203125 0.0283203125 0.0234375
10 0.09521484375 0.4609375 0.0263671875 0.060546875
10 0.60791015625 0.5439453125 0.0380859375 0.037109375
9 0.9755859375 0.65087890625 0.029296875 0.0712890625
5 0.0068359375 0.6884765625 0.072265625 0.0703125
10 0.42236328125 0.451171875 0.0185546875 0.056640625
6 0.7099609375 0.544921875 0.0390625 0.044921875
0 0.54443359375 0.46240234375 0.0185546875 0.0166015625
8 0.20947265625 0.70361328125 0.0556640625 0.0869140625
4 0.29833984375 0.60888671875 0.0400390625 0.0458984375
