1 0.68701171875 0.5419921875 0.0283203125 0.033203125
0 0.42138671875 0.6015625 0.0224609375 0.0390625
3 0.91748046875 0.5439453125 0.0341796875 0.03515625
6 0.2236328125 0.5048828125 0.025390625 0.029296875
6 0.7978515625 0.5029296875 0.037109375 0.025390625
3 0.96826171875 0.60302734375 0.0537109375 0.0302734375
0 0.66357421875 0.53857421875 0.0302734375 0.0185546875
7 0.3662109375 0.51806640625 0.017578125 0.0458984375
1 0.0029296875 0.56103515625 0.025390625 0.0322265625
8 0.09521484375 0.50634765625 0.0185546875 0.0419921875
