0 0.4365234375 0.37255859375 0.0234375 0.0341796875
7 0.3984375 0.40087890625 0.044921875 0.0458984375
0 0.19482421875 0.77783203125 0.0478515625 0.0654296875
5 0.6513671875 0.345703125 0.044921875 0.0390625
8 0.580078125 0.3349609375 0.041015625 0.03125
9 0.03076171875 0.55859375 0.0576171875 0.07421875
2 0.36669921875 0.4228515625 0.0341796875 0.033203125
4 0.32470703125 0.4755859375 0.0380859375 0.044921875
3 0.84228515625 0.453125 0.0478515625 0.046875
7 0.384765625 0.919921875 0.09375 0.123046875
