4 0.64013671875 0.4853515625 0.0205078125 0.0234375
4 0.54052734375 0.6025390625 0.0380859375 0.025390625
10 0.2978515625 0.69775390625 0.041015625 0.0556640625
6 0.1328125 0.556640625 0.033203125 0.03515625
10 0.7587890625 0.48828125 0.046875 0.015625
2 0.81689453125 0.55517578125 0.0224609375 0.0341796875
4 0.67626953125 0.48291015625 0.0185546875 0.0244140625
9 0.14208984375 0.6796875 0.0263671875 0.068359375
1 0.56787109375 0.49365234375 0.0263671875 0.0244140625
9 0.16357421875 0.50732421875 0.0244140625 0.0224609375
