0 0.0390625 0.6103515625 0.029296875 0.044921875
2 0.40673828125 0.5078125 0.0146484375 0.017578125
7 0.822265625 0.52783203125 0.03515625 0.0322265625
0 0.2548828125 0.5087890625 0.013671875 0.0234375
6 0.7880859375 0.60693359375 0.0625 0.0458984375
5 0.3095703125 0.494140625 0.0234375 0.0234375
2 0.50830078125 0.59326171875 0.0283203125 0.0322265625
0 0.18701171875 0.5146484375 0.0146484375 0.025390625
6 0.111328125 0.5537109375 0.041015625 0.033203125
8 0.85107421875 0.6240234375 0.0576171875 0.048828125
7 0.8115234375 0.48681640625 0.025390625 0.0224609375
8 0.28955078125 0.55810546875 0.0185546875 0.0341796875
3 0.4501953125 0.65478515625 0.03515625 0.0615234375
0 0.6201171875 0.4931640625 0.013671875 0.021484375
