0 0.724609375 0.5947265625 0.0234375 0.02734375
6 0.4580078125 0.77587890625 0.0625 0.0576171875
10 0.2939453125 0.61767578125 0.0859375 0.0302734375
9 0.52001953125 0.59423828125 0.0224609375 0.0595703125
9 0.53173828125 0.44873046875 0.0498046875 0.0244140625
1 0.48291015625 0.5576171875 0.0185546875 0.04296875
10 0.953125 0.50341796875 0.02734375 0.0654296875
0 0.044921875 0.484375 0.0234375 0.017578125
4 0.732421875 0.43701171875 0.015625 0.0244140625
6 0.1435546875 0.58154296875 0.052734375 0.0439453125
