10 0.4892578125 0.54296875 0.05078125 0.02734375
7 0.59423828125 0.61962890625 0.0888671875 0.0771484375
7 0.5263671875 0.5078125 0.029296875 0.0234375
4 0.5986328125 0.51416015625 0.02734375 0.0263671875
3 0.80078125 0.5302734375 0.0390625 0.03515625
3 0.0712890625 0.53173828125 0.021484375 0.0302734375
1 0.53125 0.5029296875 0.021484375 0.021484375
2 0.39990234375 0.517578125 0.0224609375 0.017578125
8 0.7001953125 0.580078125 0.07421875 0.052734375
3 0.74365234375 0.52685546875 0.0361328125 0.0322265625
2 0.32373046875 0.53466796875 0.0263671875 0.0224609375
