2 0.31591796875 0.46484375 0.0185546875 0.021484375
8 0.685546875 0.54541015625 0.05078125 0.0458984375
0 0.3623046875 0.6328125 0.037109375 0.064453125
7 0.345703125 0.73779296875 0.05859375 0.1181640625
2 0.978515625 0.62890625 0.068359375 0.052734375
3 0.9072265625 0.50634765625 0.04296875 0.0419921875
5 0.6728515625 0.4384765625 0.03515625 0.02734375
3 0.61962890625 0.64404296875 0.0556640625 0.0771484375
0 0.61376953125 0.4609375 0.0205078125 0.029296875
4 0.38720703125 0.6640625 0.0458984375 0.076171875
3 0.16650390625 0.4716796875 0.0185546875 0.033203125
