9 0.68359375 0.5244140625 0.064453125 0.052734375
6 0.638671875 0.5205078125 0.052734375 0.041015625
1 0.19873046875 0.60302734375 0.0361328125 0.0458984375
10 0.3828125 0.92138671875 0.1015625 0.1279296875
9 0.2373046875 0.662109375 0.060546875 0.080078125
9 0.05908203125 0.6923828125 0.0537109375 0.087890625
0 0.7412109375 0.48779296875 0.025390625 0.0341796875
6 0.39501953125 0.50732421875 0.0478515625 0.0380859375
6 0.94091796875 0.6435546875 0.0771484375 0.05859375
2 0.79736328125 0.75 0.0673828125 0.060546875
1 0.44580078125 0.39892578125 0.0224609375 0.0244140625
2 0.6015625 0.41357421875 0.025390625 0.0205078125
9 0.458984375 0.4404296875 0.041015625 0.037109375
0 0.34814453125 0.4091796875 0.0166015625 0.025390625
10 0.72021484375 0.74462890625 0.1044921875 0.0849609375
