2 0.23486328125 0.55810546875 0.0361328125 0.0263671875
5 0.7255859375 0.58447265625 0.05859375 0.0556640625
10 0.4609375 0.5302734375 0.0234375 0.017578125
6 0.6767578125 0.53173828125 0.029296875 0.0263671875
6 0.79345703125 0.5234375 0.0263671875 0.021484375
5 0.119140625 0.55224609375 0.05859375 0.0400390625
2 0.57421875 0.5224609375 0.013671875 0.013671875
2 0.35302734375 0.54931640625 0.0283203125 0.0244140625
3 0.61328125 0.53369140625 0.017578125 0.0283203125
5 0.681640625 0.52783203125 0.02734375 0.0244140625
9 0.14697265625 0.5224609375 0.0361328125 0.025390625
2 0.85107421875 0.52587890625 0.0146484375 0.0146484375
4 0.13916015625 0.55029296875 0.0380859375 0.0380859375
