3 0.3359375 0.48681640625 0.015625 0.0263671875
3 0.47509765625 0.544921875 0.0283203125 0.041015625
0 0.8564453125 0.4794921875 0.01953125 0.0234375
0 0.4384765625 0.498046875 0.017578125 0.02734375
5 0.33349609375 0.7451171875 0.0927734375 0.103515625
10 0.64990234375 0.533203125 0.0439453125 0.03125
9 0.8876953125 0.5146484375 0.0546875 0.0390625
4 0.740234375 0.5478515625 0.037109375 0.041015625
7 0.03125 0.51318359375 0.025390625 0.0341796875
4 0.13818359375 0.5205078125 0.0205078125 0.033203125
8 0.9189453125 0.638671875 0.08203125 0.060546875
5 0.20654296875 0.51171875 0.0341796875 0.033203125
2 0.205078125 0.6298828125 0.029296875 0.044921875
0 0.1025390625 0.583984375 0.02734375 0.046875
