4 0.66259765625 0.5400390625 0.0205078125 0.029296875
1 0.30029296875 0.51611328125 0.0224609375 0.0224609375
5 0.1162109375 0.54443359375 0.05078125 0.0341796875
6 0.68798828125 0.546875 0.0380859375 0.03125
5 0.908203125 0.53076171875 0.029296875 0.0263671875
2 0.34423828125 0.52978515625 0.0244140625 0.0185546875
6 0.72216796875 0.54736328125 0.0380859375 0.0322265625
0 0.587890625 0.5693359375 0.025390625 0.0390625
1 0.50244140625 0.56689453125 0.0322265625 0.0380859375
0 0.73291015625 0.5322265625 0.0166015625 0.025390625
8 0.27099609375 0.5234375 0.0322265625 0.025390625
8 0.20556640625 0.5400390625 0.0419921875 0.03125
10 0.826171875 0.5419921875 0.01953125 0.021484375
10 0.2578125 0.5224609375 0.037109375 0.017578125
0 0.4326171875 0.52001953125 0.015625 0.0224609375
