3 0.75927734375 0.5009765625 0.0380859375 0.021484375
4 0.140625 0.88818359375 0.078125 0.0771484375
7 0.59033203125 0.5673828125 0.0498046875 0.044921875
3 0.52294921875 0.5751953125 0.0322265625 0.04296875
3 0.51416015625 0.43994140625 0.0244140625 0.0244140625
4 0.4912109375 0.43798828125 0.0234375 0.0146484375
4 0.4833984375 0.4794921875 0.029296875 0.02734375
5 0.40673828125 0.49169921875 0.0361328125 0.0341796875
0 0.69677734375 0.49365234375 0.0205078125 0.0283203125
2 0.03173828125 0.88232421875 0.0595703125 0.0634765625
