0 0.41845703125 0.52685546875 0.0185546875 0.0283203125
6 0.49267578125 0.53662109375 0.0419921875 0.0322265625
8 0.3876953125 0.52685546875 0.02734375 0.0283203125
6 0.59716796875 0.5078125 0.0341796875 0.025390625
2 0.484375 0.56982421875 0.033203125 0.0302734375
3 0.56787109375 0.53076171875 0.0283203125 0.0322265625
0 0.7236328125 0.50830078125 0.017578125 0.0244140625
3 0.6083984375 0.56640625 0.037109375 0.04296875
1 0.5380859375 0.498046875 0.01953125 0.021484375
3 0.53173828125 0.53515625 0.0283203125 0.033203125
1 0.4892578125 0.5107421875 0.021484375 0.025390625
2 0.5234375 0.556640625 0.03125 0.02734375
7 0.42626953125 0.5537109375 0.0361328125 0.041015625
10 0.13818359375 0.6318359375 0.0361328125 0.052734375
0 0.3486328125 0.57958984375 0.02734375 0.0419921875
