6 0.3837890625 0.607421875 0.0390625 0.033203125
8 0.98046875 0.53466796875 0.02734375 0.0263671875
7 0.89697265625 0.611328125 0.0302734375 0.044921875
3 0.49267578125 0.54541015625 0.0166015625 0.0322265625
8 0.7060546875 0.50830078125 0.015625 0.0244140625
0 0.1376953125 0.572265625 0.021484375 0.029296875
6 0.40087890625 0.66650390625 0.0439453125 0.0380859375
0 0.2177734375 0.59375 0.021484375 0.03125
2 0.22509765625 0.56005859375 0.0244140625 0.0244140625
0 0.39111328125 0.46337890625 0.0126953125 0.0205078125
1 0.361328125 0.52685546875 0.01953125 0.0263671875
9 0.6455078125 0.4716796875 0.01171875 0.029296875
10 0.689453125 0.48193359375 0.013671875 0.0244140625
1 0.52392578125 0.5126953125 0.0146484375 0.025390625
0 0.27490234375 0.5498046875 0.0185546875 0.02734375
