4 0.3642578125 0.52783203125 0.021484375 0.0283203125
4 0.31640625 0.50244140625 0.017578125 0.0224609375
2 0.611328125 0.5322265625 0.015625 0.01953125
2 0.95068359375 0.5751953125 0.0263671875 0.04296875
2 0.10009765625 0.5458984375 0.0322265625 0.0234375
4 0.42529296875 0.63330078125 0.0341796875 0.0595703125
4 0.2607421875 0.51611328125 0.02734375 0.0146484375
9 0.5693359375 0.52685546875 0.05859375 0.0283203125
4 0.671875 0.5810546875 0.037109375 0.025390625
10 0.86328125 0.52490234375 0.025390625 0.0185546875
