7 0.56396484375 0.5166015625 0.0244140625 0.029296875
0 0.7216796875 0.5087890625 0.017578125 0.025390625
9 0.98388671875 0.546875 0.0615234375 0.041015625
5 0.5146484375 0.4970703125 0.029296875 0.0234375
1 0.453125 0.50927734375 0.017578125 0.0244140625
8 0.70947265625 0.48876953125 0.0244140625 0.0205078125
9 0.71923828125 0.4912109375 0.0302734375 0.025390625
5 0.17333984375 0.7138671875 0.0732421875 0.080078125
7 0.80615234375 0.57470703125 0.0478515625 0.0458984375
10 0.3759765625 0.54345703125 0.0234375 0.0283203125
