1 0.61083984375 0.4072265625 0.0244140625 0.0234375
2 0.2900390625 0.802734375 0.046875 0.056640625
1 0.5087890625 0.78076171875 0.05078125 0.0556640625
10 0.53125 0.46728515625 0.04296875 0.0302734375
9 0.55810546875 0.44677734375 0.0419921875 0.0361328125
1 0.95947265625 0.5302734375 0.0419921875 0.03515625
9 0.6943359375 0.61767578125 0.072265625 0.0634765625
9 0.46240234375 0.54296875 0.0498046875 0.05078125
0 0.41650390625 0.560546875 0.0244140625 0.037109375
6 0.1435546875 0.51513671875 0.041015625 0.0361328125
0 0.82666015625 0.5166015625 0.0244140625 0.033203125
7 0.85107421875 0.58544921875 0.0595703125 0.0517578125
8 0.892578125 0.515625 0.052734375 0.033203125
