5 0.16015625 0.58203125 0.052734375 0.048828125
10 0.46240234375 0.53125 0.0244140625 0.01953125
5 0.50537109375 0.521484375 0.0302734375 0.0234375
0 0.443359375 0.5224609375 0.013671875 0.0234375
10 0.62158203125 0.51416015625 0.0244140625 0.0146484375
5 0.884765625 0.548828125 0.0546875 0.037109375
6 0.333984375 0.5673828125 0.046875 0.041015625
8 0.21533203125 0.5439453125 0.0166015625 0.03125
3 0.08740234375 0.54248046875 0.0205078125 0.0302734375
0 0.7333984375 0.52392578125 0.017578125 0.0244140625
4 0.72607421875 0.5205078125 0.0224609375 0.0234375
1 0.63525390625 0.52392578125 0.0205078125 0.0244140625
6 0.14306640625 0.55126953125 0.0400390625 0.0341796875
