1 0.5009765625 0.55517578125 0.0390625 0.0400390625
6 0.5712890625 0.5166015625 0.03125 0.021484375
10 0.46826171875 0.57470703125 0.0654296875 0.0361328125
1 0.7763671875 0.521484375 0.029296875 0.025390625
5 0.283203125 0.5224609375 0.029296875 0.021484375
7 0.51708984375 0.51318359375 0.0244140625 0.0185546875
0 0.13037109375 0.55419921875 0.0244140625 0.0361328125
10 0.65185546875 0.5517578125 0.0615234375 0.02734375
7 0.41943359375 0.5263671875 0.0283203125 0.025390625
3 0.2802734375 0.57666015625 0.041015625 0.0517578125
5 0.69921875 0.5517578125 0.060546875 0.041015625
2 0.72900390625 0.548828125 0.0400390625 0.025390625
6 0.576171875 0.51416015625 0.029296875 0.0205078125
10 0.49560546875 0.52197265625 0.0322265625 0.0146484375
8 0.32861328125 0.54638671875 0.0361328125 0.0341796875
