10 0.658203125 0.53759765625 0.02734375 0.0322265625
0 0.9609375 0.5478515625 0.017578125 0.029296875
6 0.1484375 0.50244140625 0.0390625 0.0283203125
7 0.09375 0.57275390625 0.046875 0.0419921875
5 0.2861328125 0.576171875 0.044921875 0.0390625
6 0.2294921875 0.51953125 0.0390625 0.029296875
3 0.7470703125 0.61181640625 0.0234375 0.0400390625
5 0.4052734375 0.4580078125 0.029296875 0.025390625
1 0.67919921875 0.5048828125 0.0185546875 0.025390625
10 0.10791015625 0.6328125 0.0634765625 0.046875
9 0.58349609375 0.51171875 0.0283203125 0.037109375
2 0.654296875 0.53076171875 0.01953125 0.0244140625
4 0.51171875 0.482421875 0.01953125 0.025390625
2 0.68701171875 0.63330078125 0.0244140625 0.0322265625
2 0.64306640625 0.5283203125 0.0205078125 0.0234375
